SPO Optimizer (authors: @andrefeijosantos, @PedroFiorio)
Approach: Parallel Iterative Solver
Thread count: CPLEX using up to 8 threads
Variable types: 1 continuous; 1404 integer (1404 binaries)

  Thread  |  h  |  H  |  LB  |  UB  |  Num. Items  |  Incumbent  |  Status  
       DE | 375 |   1 |  330 | 2045 |         2045 |    5,453333 |   Optimal
       AC |   1 | 374 |  330 | 2045 |            - |           - |Infeasible
       DE | 374 |   2 | 2040 | 2045 |         2045 |    5,467914 |   Optimal
       DE | 373 |   2 | 2040 | 2045 |         2045 |    5,482574 |   Optimal
       AC |   2 | 372 |  330 | 2045 |            - |           - |Infeasible
       DE | 372 |   3 | 2040 | 2045 |         2045 |    5,497312 |   Optimal
       DE | 371 |   3 | 2040 | 2045 |         2045 |    5,512129 |   Optimal
       AC |   3 | 370 |  330 | 2045 |            - |           - |Infeasible
       DE | 370 |   4 | 2040 | 2045 |         2045 |    5,527027 |   Optimal
       DE | 369 |   4 | 2040 | 2045 |         2045 |    5,542005 |   Optimal
       DE | 368 |   4 | 2040 | 2045 |         2045 |    5,557065 |   Optimal
       AC |   4 | 367 |  330 | 2045 |            - |           - |Infeasible
       DE | 367 |   5 | 2040 | 2045 |         2045 |    5,572207 |   Optimal
       DE | 366 |   5 | 2040 | 2045 |         2045 |    5,587432 |   Optimal
       DE | 365 |   5 | 2040 | 2045 |         2045 |    5,602740 |   Optimal
       AC |   5 | 364 |  330 | 2045 |            - |           - |Infeasible
       DE | 364 |   6 | 2040 | 2045 |         2045 |    5,618132 |   Optimal
       DE | 363 |   6 | 2040 | 2045 |         2045 |    5,633609 |   Optimal
       DE | 362 |   6 | 2040 | 2045 |         2045 |    5,649171 |   Optimal
       AC |   6 | 361 |  330 | 2045 |            - |           - |Infeasible
       DE | 361 |   7 | 2040 | 2045 |         2045 |    5,664820 |   Optimal
       DE | 360 |   7 | 2040 | 2045 |         2045 |    5,680556 |   Optimal
       AC |   7 | 359 |  330 | 2045 |            - |           - |Infeasible
       DE | 359 |   8 | 2040 | 2045 |         2045 |    5,696379 |   Optimal
       DE | 358 |   8 | 2040 | 2045 |         2045 |    5,712291 |   Optimal
       DE | 357 |   8 | 2040 | 2045 |         2045 |    5,728291 |   Optimal
       AC |   8 | 356 |  330 | 2045 |            - |           - |Infeasible
       DE | 356 |   9 | 2040 | 2045 |         2045 |    5,744382 |   Optimal
       DE | 355 |   9 | 2040 | 2045 |         2045 |    5,760563 |   Optimal
       DE | 354 |   9 | 2040 | 2045 |         2045 |    5,776836 |   Optimal
       DE | 353 |   9 | 2040 | 2045 |         2045 |    5,793201 |   Optimal
       AC |   9 | 352 |  330 | 2045 |            - |           - |Infeasible
       DE | 352 |  10 | 2040 | 2045 |         2045 |    5,809659 |   Optimal
       DE | 351 |  10 | 2040 | 2045 |         2045 |    5,826211 |   Optimal
       DE | 350 |  10 | 2040 | 2045 |         2045 |    5,842857 |   Optimal
       DE | 349 |  10 | 2040 | 2045 |         2045 |    5,859599 |   Optimal
       AC |  10 | 348 |  330 | 2045 |            - |           - |Infeasible
       DE | 348 |  11 | 2040 | 2045 |         2045 |    5,876437 |   Optimal
       DE | 347 |  11 | 2040 | 2045 |         2045 |    5,893372 |   Optimal
       DE | 346 |  11 | 2040 | 2045 |         2045 |    5,910405 |   Optimal
       AC |  11 | 345 |  330 | 2045 |            - |           - |Infeasible
       DE | 345 |  12 | 2040 | 2045 |         2045 |    5,927536 |   Optimal
       DE | 344 |  12 | 2040 | 2045 |         2045 |    5,944767 |   Optimal
       DE | 343 |  12 | 2040 | 2045 |         2045 |    5,962099 |   Optimal
       DE | 342 |  12 | 2040 | 2045 |         2045 |    5,979532 |   Optimal
       AC |  12 | 341 |  330 | 2045 |            - |           - |Infeasible
       DE | 341 |  13 | 2040 | 2045 |         2045 |    5,997067 |   Optimal
       DE | 340 |  13 | 2040 | 2045 |         2045 |    6,014706 |   Optimal
       DE | 339 |  13 | 2039 | 2045 |         2045 |    6,032448 |   Optimal
       DE | 338 |  13 | 2039 | 2045 |         2045 |    6,050296 |   Optimal
       AC |  13 | 337 |  330 | 2045 |            - |           - |Infeasible
       DE | 337 |  14 | 2039 | 2045 |         2045 |    6,068249 |   Optimal
       DE | 336 |  14 | 2039 | 2045 |         2045 |    6,086310 |   Optimal
       DE | 335 |  14 | 2039 | 2045 |         2045 |    6,104478 |   Optimal
       DE | 334 |  14 | 2039 | 2045 |         2045 |    6,122754 |   Optimal
       AC |  14 | 333 |  330 | 2045 |            - |           - |Infeasible
       DE | 333 |  15 | 2039 | 2045 |         2045 |    6,141141 |   Optimal
       DE | 332 |  15 | 2039 | 2045 |         2045 |    6,159639 |   Optimal
       DE | 331 |  15 | 2039 | 2045 |         2045 |    6,178248 |   Optimal
       DE | 330 |  15 | 2039 | 2045 |         2045 |    6,196970 |   Optimal
       DE | 329 |  15 | 2039 | 2045 |         2045 |    6,215805 |   Optimal
       AC |  15 | 328 |  330 | 2045 |            - |           - |Infeasible
       DE | 328 |  16 | 2039 | 2045 |         2045 |    6,234756 |   Optimal
       DE | 327 |  16 | 2039 | 2045 |         2045 |    6,253823 |   Optimal
       DE | 326 |  16 | 2039 | 2045 |         2045 |    6,273006 |   Optimal
       DE | 325 |  16 | 2039 | 2045 |         2045 |    6,292308 |   Optimal
       DE | 324 |  16 | 2039 | 2045 |         2045 |    6,311728 |   Optimal
       DE | 323 |  16 | 2039 | 2045 |         2045 |    6,331269 |   Optimal
       DE | 322 |  16 | 2039 | 2045 |         2045 |    6,350932 |   Optimal
       AC |  16 | 321 |  330 | 2045 |            - |           - |Infeasible
       DE | 321 |  17 | 2039 | 2045 |         2045 |    6,370717 |   Optimal
       DE | 320 |  17 | 2039 | 2045 |         2045 |    6,390625 |   Optimal
       DE | 319 |  17 | 2039 | 2045 |         2045 |    6,410658 |   Optimal
       DE | 318 |  17 | 2039 | 2045 |         2045 |    6,430818 |   Optimal
       DE | 317 |  17 | 2039 | 2045 |         2045 |    6,451104 |   Optimal
       DE | 316 |  17 | 2039 | 2045 |         2045 |    6,471519 |   Optimal
       DE | 315 |  17 | 2039 | 2045 |         2045 |    6,492063 |   Optimal
       DE | 314 |  17 | 2039 | 2045 |         2045 |    6,512739 |   Optimal
       DE | 313 |  17 | 2039 | 2045 |         2045 |    6,533546 |   Optimal
       DE | 312 |  17 | 2039 | 2045 |         2045 |    6,554487 |   Optimal
       DE | 311 |  17 | 2039 | 2045 |         2045 |    6,575563 |   Optimal
       DE | 310 |  17 | 2039 | 2045 |         2045 |    6,596774 |   Optimal
       DE | 309 |  17 | 2039 | 2045 |         2045 |    6,618123 |   Optimal
       DE | 308 |  17 | 2039 | 2045 |         2045 |    6,639610 |   Optimal
       DE | 307 |  17 | 2039 | 2045 |         2045 |    6,661238 |   Optimal
       DE | 306 |  17 | 2039 | 2045 |         2045 |    6,683007 |   Optimal
       DE | 305 |  17 | 2039 | 2045 |         2045 |    6,704918 |   Optimal
       DE | 304 |  17 | 2039 | 2045 |         2045 |    6,726974 |   Optimal
       DE | 303 |  17 | 2039 | 2045 |         2045 |    6,749175 |   Optimal
       DE | 302 |  17 | 2039 | 2045 |         2045 |    6,771523 |   Optimal
       DE | 301 |  17 | 2039 | 2045 |         2045 |    6,794020 |   Optimal
       DE | 300 |  17 | 2039 | 2045 |         2045 |    6,816667 |   Optimal
       DE | 299 |  17 | 2039 | 2045 |         2045 |    6,839465 |   Optimal
       DE | 298 |  17 | 2039 | 2045 |         2045 |    6,862416 |   Optimal
       DE | 297 |  17 | 2039 | 2045 |         2045 |    6,885522 |   Optimal
       DE | 296 |  17 | 2039 | 2045 |         2045 |    6,908784 |   Optimal
       DE | 295 |  17 | 2039 | 2045 |         2045 |    6,932203 |   Optimal
       DE | 294 |  17 | 2039 | 2045 |         2045 |    6,955782 |   Optimal
       DE | 293 |  17 | 2039 | 2045 |         2045 |    6,979522 |   Optimal
       DE | 292 |  17 | 2039 | 2045 |         2045 |    7,003425 |   Optimal
       DE | 291 |  17 | 2038 | 2045 |         2045 |    7,027491 |   Optimal
       DE | 290 |  17 | 2038 | 2045 |         2045 |    7,051724 |   Optimal
       DE | 289 |  17 | 2038 | 2045 |         2045 |    7,076125 |   Optimal
       DE | 288 |  17 | 2038 | 2045 |         2045 |    7,100694 |   Optimal
       DE | 287 |  17 | 2038 | 2045 |         2045 |    7,125436 |   Optimal
       DE | 286 |  17 | 2038 | 2045 |         2045 |    7,150350 |   Optimal
       DE | 285 |  17 | 2038 | 2045 |         2045 |    7,175439 |   Optimal
       DE | 284 |  17 | 2038 | 2045 |         2045 |    7,200704 |   Optimal
       DE | 283 |  17 | 2038 | 2045 |         2045 |    7,226148 |   Optimal
       DE | 282 |  17 | 2038 | 2045 |         2045 |    7,251773 |   Optimal
       DE | 281 |  17 | 2038 | 2045 |         2045 |    7,277580 |   Optimal
       DE | 280 |  17 | 2038 | 2045 |         2045 |    7,303571 |   Optimal
       AC |  17 | 279 |  330 | 2045 |            - |           - |Infeasible
       DE | 279 |  18 | 2038 | 2045 |         2045 |    7,329749 |   Optimal
       DE | 278 |  18 | 2038 | 2045 |         2045 |    7,356115 |   Optimal
       DE | 277 |  18 | 2038 | 2045 |         2045 |    7,382671 |   Optimal
       DE | 276 |  18 | 2038 | 2045 |         2045 |    7,409420 |   Optimal
       DE | 275 |  18 | 2038 | 2045 |         2045 |    7,436364 |   Optimal
       DE | 274 |  18 | 2038 | 2045 |         2045 |    7,463504 |   Optimal
       DE | 273 |  18 | 2038 | 2045 |         2045 |    7,490842 |   Optimal
       DE | 272 |  18 | 2038 | 2045 |         2045 |    7,518382 |   Optimal
       DE | 271 |  18 | 2038 | 2045 |         2045 |    7,546125 |   Optimal
       DE | 270 |  18 | 2038 | 2045 |         2045 |    7,574074 |   Optimal
       DE | 269 |  18 | 2038 | 2045 |         2045 |    7,602230 |   Optimal
       DE | 268 |  18 | 2038 | 2045 |         2045 |    7,630597 |   Optimal
       DE | 267 |  18 | 2038 | 2045 |         2045 |    7,659176 |   Optimal
       DE | 266 |  18 | 2038 | 2045 |         2045 |    7,687970 |   Optimal
       DE | 265 |  18 | 2038 | 2045 |         2045 |    7,716981 |   Optimal
       DE | 264 |  18 | 2038 | 2045 |         2045 |    7,746212 |   Optimal
       DE | 263 |  18 | 2038 | 2045 |         2045 |    7,775665 |   Optimal
       DE | 262 |  18 | 2038 | 2045 |         2045 |    7,805344 |   Optimal
       DE | 261 |  18 | 2038 | 2045 |         2045 |    7,835249 |   Optimal
       DE | 260 |  18 | 2038 | 2045 |         2045 |    7,865385 |   Optimal
       DE | 259 |  18 | 2038 | 2045 |         2045 |    7,895753 |   Optimal
       DE | 258 |  18 | 2038 | 2045 |         2045 |    7,926357 |   Optimal
       DE | 257 |  18 | 2038 | 2045 |         2045 |    7,957198 |   Optimal
       DE | 256 |  18 | 2038 | 2045 |         2045 |    7,988281 |   Optimal
       DE | 255 |  18 | 2038 | 2045 |         2045 |    8,019608 |   Optimal
       DE | 254 |  18 | 2037 | 2045 |         2045 |    8,051181 |   Optimal
       DE | 253 |  18 | 2037 | 2045 |         2045 |    8,083004 |   Optimal
       DE | 252 |  18 | 2037 | 2045 |         2045 |    8,115079 |   Optimal
       DE | 251 |  18 | 2037 | 2045 |         2045 |    8,147410 |   Optimal
       DE | 250 |  18 | 2037 | 2045 |         2045 |    8,180000 |   Optimal
       DE | 249 |  18 | 2037 | 2045 |         2045 |    8,212851 |   Optimal
       DE | 248 |  18 | 2037 | 2045 |         2045 |    8,245968 |   Optimal
       DE | 247 |  18 | 2037 | 2045 |         2045 |    8,279352 |   Optimal
       DE | 246 |  18 | 2037 | 2045 |         2045 |    8,313008 |   Optimal
       DE | 245 |  18 | 2037 | 2045 |         2045 |    8,346939 |   Optimal
       DE | 244 |  18 | 2037 | 2045 |         2045 |    8,381148 |   Optimal
       DE | 243 |  18 | 2037 | 2045 |         2045 |    8,415638 |   Optimal
       DE | 242 |  18 | 2037 | 2045 |         2045 |    8,450413 |   Optimal
       DE | 241 |  18 | 2037 | 2045 |         2045 |    8,485477 |   Optimal
       DE | 240 |  18 | 2037 | 2045 |         2045 |    8,520833 |   Optimal
       DE | 239 |  18 | 2037 | 2045 |         2045 |    8,556485 |   Optimal
       DE | 238 |  18 | 2037 | 2045 |         2045 |    8,592437 |   Optimal
       DE | 237 |  18 | 2037 | 2045 |         2045 |    8,628692 |   Optimal
       DE | 236 |  18 | 2037 | 2045 |         2045 |    8,665254 |   Optimal
       DE | 235 |  18 | 2037 | 2045 |         2045 |    8,702128 |   Optimal
       DE | 234 |  18 | 2037 | 2045 |         2045 |    8,739316 |   Optimal
       DE | 233 |  18 | 2037 | 2045 |         2045 |    8,776824 |   Optimal
       DE | 232 |  18 | 2037 | 2045 |         2045 |    8,814655 |   Optimal
       DE | 231 |  18 | 2037 | 2045 |         2045 |    8,852814 |   Optimal
       DE | 230 |  18 | 2037 | 2045 |         2045 |    8,891304 |   Optimal
       DE | 229 |  18 | 2037 | 2045 |         2045 |    8,930131 |   Optimal
       DE | 228 |  18 | 2037 | 2045 |         2045 |    8,969298 |   Optimal
       DE | 227 |  18 | 2037 | 2045 |         2045 |    9,008811 |   Optimal
       DE | 226 |  18 | 2036 | 2045 |         2045 |    9,048673 |   Optimal
       DE | 225 |  18 | 2036 | 2045 |         2045 |    9,088889 |   Optimal
       DE | 224 |  18 | 2036 | 2045 |         2045 |    9,129464 |   Optimal
       AC |  18 | 223 |  330 | 2045 |            - |           - |Infeasible
       DE | 223 |  19 | 2036 | 2045 |         2045 |    9,170404 |   Optimal
       DE | 222 |  19 | 2036 | 2045 |         2045 |    9,211712 |   Optimal
       DE | 221 |  19 | 2036 | 2045 |         2045 |    9,253394 |   Optimal
       DE | 220 |  19 | 2036 | 2045 |         2045 |    9,295455 |   Optimal
       DE | 219 |  19 | 2036 | 2045 |         2045 |    9,337900 |   Optimal
       DE | 218 |  19 | 2036 | 2045 |         2045 |    9,380734 |   Optimal
       DE | 217 |  19 | 2036 | 2045 |         2045 |    9,423963 |   Optimal
       DE | 216 |  19 | 2036 | 2045 |         2045 |    9,467593 |   Optimal
       DE | 215 |  19 | 2036 | 2045 |         2045 |    9,511628 |   Optimal
       DE | 214 |  19 | 2036 | 2045 |         2045 |    9,556075 |   Optimal
       DE | 213 |  19 | 2036 | 2045 |         2045 |    9,600939 |   Optimal
       DE | 212 |  19 | 2036 | 2045 |         2045 |    9,646226 |   Optimal
       DE | 211 |  19 | 2036 | 2045 |         2045 |    9,691943 |   Optimal
       DE | 210 |  19 | 2036 | 2045 |         2045 |    9,738095 |   Optimal
       DE | 209 |  19 | 2036 | 2045 |         2045 |    9,784689 |   Optimal
       DE | 208 |  19 | 2036 | 2045 |         2045 |    9,831731 |   Optimal
       DE | 207 |  19 | 2036 | 2045 |         2045 |    9,879227 |   Optimal
       DE | 206 |  19 | 2036 | 2045 |         2045 |    9,927184 |   Optimal
       DE | 205 |  19 | 2036 | 2045 |         2045 |    9,975610 |   Optimal
       DE | 204 |  19 | 2036 | 2045 |         2045 |   10,024510 |   Optimal
       DE | 203 |  19 | 2035 | 2045 |         2045 |   10,073892 |   Optimal
       DE | 202 |  19 | 2035 | 2045 |         2045 |   10,123762 |   Optimal
       DE | 201 |  19 | 2035 | 2045 |         2045 |   10,174129 |   Optimal
       DE | 200 |  19 | 2035 | 2045 |         2045 |   10,225000 |   Optimal
       DE | 199 |  19 | 2035 | 2045 |         2045 |   10,276382 |   Optimal
       DE | 198 |  19 | 2035 | 2045 |         2045 |   10,328283 |   Optimal
       DE | 197 |  19 | 2035 | 2045 |         2045 |   10,380711 |   Optimal
       DE | 196 |  19 | 2035 | 2045 |         2045 |   10,433673 |   Optimal
       DE | 195 |  19 | 2035 | 2045 |         2045 |   10,487179 |   Optimal
       DE | 194 |  19 | 2035 | 2045 |         2045 |   10,541237 |   Optimal
       DE | 193 |  19 | 2035 | 2045 |         2045 |   10,595855 |   Optimal
       DE | 192 |  19 | 2035 | 2045 |         2045 |   10,651042 |   Optimal
       DE | 191 |  19 | 2035 | 2045 |         2045 |   10,706806 |   Optimal
       DE | 190 |  19 | 2035 | 2045 |         2045 |   10,763158 |   Optimal
       DE | 189 |  19 | 2035 | 2045 |         2045 |   10,820106 |   Optimal
       DE | 188 |  19 | 2035 | 2045 |         2045 |   10,877660 |   Optimal
       DE | 187 |  19 | 2035 | 2045 |         2045 |   10,935829 |   Optimal
       DE | 186 |  19 | 2035 | 2045 |         2045 |   10,994624 |   Optimal
       DE | 185 |  19 | 2035 | 2045 |         2045 |   11,054054 |   Optimal
       DE | 184 |  19 | 2034 | 2045 |         2045 |   11,114130 |   Optimal
       DE | 183 |  19 | 2034 | 2045 |         2045 |   11,174863 |   Optimal
       DE | 182 |  19 | 2034 | 2045 |         2045 |   11,236264 |   Optimal
       DE | 181 |  19 | 2034 | 2045 |         2045 |   11,298343 |   Optimal
       DE | 180 |  19 | 2034 | 2045 |         2045 |   11,361111 |   Optimal
       DE | 179 |  19 | 2034 | 2045 |         2045 |   11,424581 |   Optimal
       DE | 178 |  19 | 2034 | 2045 |         2045 |   11,488764 |   Optimal
       DE | 177 |  19 | 2034 | 2045 |         2045 |   11,553672 |   Optimal
       DE | 176 |  19 | 2034 | 2045 |         2045 |   11,619318 |   Optimal
       DE | 175 |  19 | 2034 | 2045 |         2045 |   11,685714 |   Optimal
       DE | 174 |  19 | 2034 | 2045 |         2045 |   11,752874 |   Optimal
       DE | 173 |  19 | 2034 | 2045 |         2045 |   11,820809 |   Optimal
       DE | 172 |  19 | 2034 | 2045 |         2045 |   11,889535 |   Optimal
       DE | 171 |  19 | 2034 | 2045 |         2045 |   11,959064 |   Optimal
       DE | 170 |  19 | 2034 | 2045 |         2045 |   12,029412 |   Optimal
       DE | 169 |  19 | 2033 | 2045 |         2045 |   12,100592 |   Optimal
       AC |  19 | 168 |  330 | 2045 |            - |           - |Infeasible
       DE | 168 |  20 | 2033 | 2045 |         2045 |   12,172619 |   Optimal
       DE | 167 |  20 | 2033 | 2045 |         2045 |   12,245509 |   Optimal
       DE | 166 |  20 | 2033 | 2045 |         2045 |   12,319277 |   Optimal
       DE | 165 |  20 | 2033 | 2045 |         2045 |   12,393939 |   Optimal
       DE | 164 |  20 | 2033 | 2045 |         2045 |   12,469512 |   Optimal
       DE | 163 |  20 | 2033 | 2045 |         2045 |   12,546012 |   Optimal
       DE | 162 |  20 | 2033 | 2045 |         2045 |   12,623457 |   Optimal
       DE | 161 |  20 | 2033 | 2045 |         2045 |   12,701863 |   Optimal
       DE | 160 |  20 | 2033 | 2045 |         2045 |   12,781250 |   Optimal
       DE | 159 |  20 | 2033 | 2045 |         2045 |   12,861635 |   Optimal
       DE | 158 |  20 | 2033 | 2045 |         2045 |   12,943038 |   Optimal
       DE | 157 |  20 | 2033 | 2045 |         2045 |   13,025478 |   Optimal
       DE | 156 |  20 | 2032 | 2045 |         2045 |   13,108974 |   Optimal
       DE | 155 |  20 | 2032 | 2045 |         2045 |   13,193548 |   Optimal
       DE | 154 |  20 | 2032 | 2045 |         2045 |   13,279221 |   Optimal
       DE | 153 |  20 | 2032 | 2045 |         2045 |   13,366013 |   Optimal
       DE | 152 |  20 | 2032 | 2045 |         2045 |   13,453947 |   Optimal
       DE | 151 |  20 | 2032 | 2045 |         2045 |   13,543046 |   Optimal
       DE | 150 |  20 | 2032 | 2045 |         2045 |   13,633333 |   Optimal
       DE | 149 |  20 | 2032 | 2045 |         2045 |   13,724832 |   Optimal
       DE | 148 |  20 | 2032 | 2045 |         2045 |   13,817568 |   Optimal
       DE | 147 |  20 | 2032 | 2045 |         2045 |   13,911565 |   Optimal
       DE | 146 |  20 | 2032 | 2045 |         2045 |   14,006849 |   Optimal
       DE | 145 |  20 | 2031 | 2045 |         2045 |   14,103448 |   Optimal
       DE | 144 |  20 | 2031 | 2045 |         2045 |   14,201389 |   Optimal
       DE | 143 |  20 | 2031 | 2045 |         2045 |   14,300699 |   Optimal
       DE | 142 |  20 | 2031 | 2045 |         2045 |   14,401408 |   Optimal
       DE | 141 |  20 | 2031 | 2045 |         2045 |   14,503546 |   Optimal
       DE | 140 |  20 | 2031 | 2045 |         2045 |   14,607143 |   Optimal
       AC |  20 | 121 |  330 | 2045 |          337 |   16,850000 |   Optimal
       DE | 139 |  21 | 2031 | 2045 |            - |   14,640288 |  Feasible
       DE | 121 |  21 | 2039 | 2045 |            - |   14,640288 |Infeasible
       DE | 120 |  21 | 2023 | 2038 |            - |   14,640288 |Infeasible
       DE | 119 |  21 | 2006 | 2022 |            - |   14,640288 |Infeasible
       DE | 118 |  21 | 1989 | 2005 |            - |   14,640288 |Infeasible
       DE | 117 |  21 | 1972 | 1988 |            - |   14,640288 |Infeasible
       DE | 116 |  21 | 1955 | 1971 |            - |   14,640288 |Infeasible
       DE | 115 |  21 | 1938 | 1954 |            - |   14,640288 |Infeasible
       DE | 114 |  21 | 1921 | 1937 |            - |   14,640288 |Infeasible
       DE | 113 |  21 | 1905 | 1920 |            - |   14,640288 |Infeasible
       DE | 112 |  21 | 1888 | 1904 |            - |   14,640288 |Infeasible
       DE | 111 |  21 | 1871 | 1887 |            - |   14,640288 |Infeasible
       DE | 110 |  21 | 1854 | 1870 |            - |   14,640288 |Infeasible
       DE | 109 |  21 | 1837 | 1853 |            - |   14,640288 |Infeasible
       DE | 108 |  21 | 1820 | 1836 |            - |   14,640288 |Infeasible
       DE | 107 |  21 | 1803 | 1819 |            - |   14,640288 |Infeasible
       DE | 106 |  21 | 1787 | 1802 |            - |   14,640288 |Infeasible
       DE | 105 |  21 | 1770 | 1786 |            - |   14,640288 |Infeasible
       DE | 104 |  21 | 1753 | 1769 |            - |   14,640288 |Infeasible
       DE | 103 |  21 | 1736 | 1752 |            - |   14,640288 |Infeasible
       DE | 102 |  21 | 1719 | 1735 |            - |   14,640288 |Infeasible
       DE | 101 |  21 | 1702 | 1718 |            - |   14,640288 |Infeasible
       DE | 100 |  21 | 1686 | 1701 |            - |   14,640288 |Infeasible
       DE |  99 |  21 | 1669 | 1685 |            - |   14,640288 |Infeasible
       DE |  98 |  21 | 1652 | 1668 |            - |   14,640288 |Infeasible
       DE |  97 |  21 | 1635 | 1651 |            - |   14,640288 |Infeasible
       DE |  96 |  21 | 1618 | 1634 |            - |   14,640288 |Infeasible
       DE |  95 |  21 | 1601 | 1617 |            - |   14,640288 |Infeasible
       DE |  94 |  21 | 1584 | 1600 |            - |   14,640288 |Infeasible
       DE |  93 |  21 | 1568 | 1583 |            - |   14,640288 |Infeasible
       DE |  92 |  21 | 1551 | 1567 |            - |   14,640288 |Infeasible
       DE |  91 |  21 | 1534 | 1550 |            - |   14,640288 |Infeasible
       DE |  90 |  21 | 1517 | 1533 |            - |   14,640288 |Infeasible
       DE |  89 |  21 | 1500 | 1516 |            - |   14,640288 |Infeasible
       DE |  88 |  21 | 1483 | 1499 |            - |   14,640288 |Infeasible
       DE |  87 |  21 | 1466 | 1482 |            - |   14,640288 |Infeasible
       DE |  86 |  21 | 1450 | 1465 |            - |   14,640288 |Infeasible
       DE |  85 |  21 | 1433 | 1449 |            - |   14,640288 |Infeasible
       DE |  84 |  21 | 1416 | 1432 |            - |   14,640288 |Infeasible
       DE |  83 |  21 | 1399 | 1415 |            - |   14,640288 |Infeasible
Time Limit reached (DE).
       AC |  21 |  83 |  354 | 2045 |            - |   16,850000 |   Unknown
Time Limit reached (AC).

Ascending Thread finished at: 21
Decending Thread finished at: 83
Solution found: 16.85
Proved optimal? false

Running Reformulation Linearization for aisle range: [21, 83]
SPO Optimizer version 1 (authors: @andrefeijosantos, @PedroFiorio)
Thread count: CPLEX using up to 8 threads
Variable types: 1 continuous; 1404 binaries

Version identifier: 22.1.1.0 | 2022-11-27 | 9160aff4d
CPXPARAM_Threads                                 8
CPXPARAM_TimeLimit                               391
Tried aggregator 1 time.
MIP Presolve eliminated 87 rows and 0 columns.
MIP Presolve modified 4914 coefficients.
Reduced MIP has 6836 rows, 2777 columns, and 25684 nonzeros.
Reduced MIP has 1388 binaries, 0 generals, 0 SOSs, and 0 indicators.
Presolve time = 0.02 sec. (25.46 ticks)
Probing time = 0.05 sec. (1.03 ticks)
Tried aggregator 1 time.
Detecting symmetries...
Reduced MIP has 6836 rows, 2777 columns, and 25684 nonzeros.
Reduced MIP has 1388 binaries, 0 generals, 0 SOSs, and 0 indicators.
Presolve time = 0.02 sec. (11.61 ticks)
Probing time = 0.01 sec. (0.98 ticks)
Clique table members: 1046.
MIP emphasis: balance optimality and feasibility.
MIP search method: dynamic search.
Parallel mode: deterministic, using up to 8 threads.
Root relaxation solution time = 0.69 sec. (544.10 ticks)

        Nodes                                         Cuts/
   Node  Left     Objective  IInf  Best Integer    Best Bound    ItCnt     Gap

      0     0       21.2255  1048                     21.2255     5253         
      0     0       21.0435  1048                    Cuts: 35     5644         
      0     0       20.9459  1057                    Cuts: 30     5874         
      0     0       20.9335  1048                    Cuts: 22     6014         
      0     0       20.9285  1040                    Cuts: 18     6092         
      0     0       20.9213  1042                     Cuts: 8     6148         
      0     0       20.9149  1039                     Cuts: 3     6178         
      0     0       20.9103  1044                  MIRcuts: 3     6224         
      0     0       20.9102  1039                     Cuts: 3     6245         
      0     0       20.9102  1038                     Cuts: 3     6250         
*     0+    0                            5.5663       20.9102           275.66%
*     0+    0                           13.0000       20.9102            60.85%
*     0+    0                           13.2069       20.9102            58.33%
      0     0        cutoff             13.2069       20.9102     6250   58.33%
      0     2       20.9102  1038       13.2069       20.9102     6250   58.33%
Elapsed time = 14.25 sec. (9544.08 ticks, tree = 0.02 MB, solutions = 3)
*     2+    1                           13.4138       20.9099            55.88%
      3     4       19.3896   970       13.4138       20.9099     7093   55.88%
*    12+    3                           13.5862       20.8658            53.58%
     17    12       18.7199   942       13.5862       20.7754     8994   52.92%
*    22+    6                           13.6207       20.7754            52.53%
     47    38       19.3176   944       13.6207       20.7754    14551   52.53%
     78    70       17.6003   955       13.6207       20.7754    21425   52.53%
    120    91       18.2204   917       13.6207       20.7754    26184   52.53%
    151   127       17.9318   907       13.6207       20.7754    33015   52.53%
    184   153       17.9180   946       13.6207       20.7754    37828   52.53%
    212   173       17.3129   840       13.6207       20.7754    41814   52.53%
    241   211       17.6143   905       13.6207       20.7754    49517   52.53%
    353   325       16.6343   910       13.6207       20.7754    69163   52.53%
Elapsed time = 18.09 sec. (12721.15 ticks, tree = 10.79 MB, solutions = 8)
    524   438       15.8903   836       13.6207       20.7754    84669   52.53%
    590   534       15.6231   827       13.6207       20.7754    96966   52.53%
    699   645       15.2105   836       13.6207       20.7754   111992   52.53%
    882   783       14.8474   777       13.6207       20.7754   131080   52.53%
   1068   907       14.2457   726       13.6207       20.7754   145512   52.53%
   1241  1142       14.1589   683       13.6207       20.7754   173100   52.53%
   1434  1227       18.7686   964       13.6207       20.2016   184681   48.32%
   1545  1363       17.8506   995       13.6207       20.1258   204120   47.76%
   1633  1485       18.2415   967       13.6207       20.1258   226100   47.76%
   1680  1525       16.4013   875       13.6207       20.1258   231681   47.76%
Elapsed time = 29.59 sec. (22512.54 ticks, tree = 73.31 MB, solutions = 8)

Performing restart 1

Repeating presolve.
Tried aggregator 1 time.
Reduced MIP has 6836 rows, 2777 columns, and 25684 nonzeros.
Reduced MIP has 1388 binaries, 0 generals, 0 SOSs, and 0 indicators.
Presolve time = 0.02 sec. (7.41 ticks)
Tried aggregator 1 time.
Reduced MIP has 6836 rows, 2777 columns, and 25684 nonzeros.
Reduced MIP has 1388 binaries, 0 generals, 0 SOSs, and 0 indicators.
Presolve time = 0.01 sec. (11.76 ticks)
Represolve time = 0.09 sec. (26.71 ticks)
*  1681+    0                           13.7931       20.1258            45.91%
   1681     0       20.9102  1039       13.7931      Cuts: 24   252122   45.91%
   1681     0       20.9102  1039       13.7931      Cuts: 13   252135   45.91%
   1681     0       20.9010  1034       13.7931       Cuts: 8   252236   45.91%
   1681     0       20.9010  1034       13.7931       Cuts: 7   252241   45.91%
   1681     0       20.8990  1043       13.7931    MIRcuts: 2   252310   45.91%
   1681     0       20.8990  1043       13.7931    MIRcuts: 3   252316   45.91%
*  1681+    0                           13.9655       20.1258            44.11%
*  1681+    0                           14.0000       20.1258            43.76%
   1681     0        cutoff             14.0000       20.1258   252316   43.76%
   1681     2       20.8990  1043       14.0000       20.1258   252316   43.76%
   1692    11       20.0587  1068       14.0000       20.1258   259803   43.76%
*  1705+    4                           14.1333       20.1258            42.40%
   1710    21       19.3668  1013       14.1333       20.1258   273096   42.40%
   1727    29       17.8042   968       14.1333       20.1258   292538   42.40%
   1794    61       17.3264   954       14.1333       20.1258   336879   42.40%
   1878   115       18.6266   978       14.1333       20.1258   354908   42.40%
   1966   230       17.6473   906       14.1333       20.1258   383710   42.40%
   2027   300       16.6441   855       14.1333       20.1258   410658   42.40%
   2112   366       18.3158   962       14.1333       20.1258   428828   42.40%
   2244   478       17.1360   813       14.1333       20.1258   454699   42.40%
Elapsed time = 49.53 sec. (37523.88 ticks, tree = 14.46 MB, solutions = 12)
   2361   614       16.0324   795       14.1333       20.1258   485254   42.40%
   2436   629       16.2150   785       14.1333       20.1258   489801   42.40%
*  2456+  585                           14.3913       20.1258            39.85%
   2534   768       16.7753   710       14.3913       20.1258   518751   39.85%
   2611   783       16.6819   762       14.3913       20.1258   520911   39.85%
   2728   919       15.4586   607       14.3913       20.1258   551695   39.85%
   2834  1061       15.3145   670       14.3913       20.1258   583524   39.85%
   2978  1124       15.2567   651       14.3913       20.1258   595744   39.85%
*  3086+ 1135                           14.8696       20.1258            35.35%
*  3096+ 1135                           15.4444       20.1258            30.31%
   3096  1269       14.7414   674       15.4444       20.1258   624529   30.31%
*  3103+ 1135                           15.5000       20.1258            29.84%
*  3104+ 1135                           15.5357       20.1258            29.55%
   3214  1107       16.8988   744       15.5357       20.1258   654230   29.55%
*  3263+ 1109                           15.6957       20.1258            28.23%
   3278  1107       19.3413   962       15.6957       20.1258   657399   28.23%
Elapsed time = 62.14 sec. (47184.46 ticks, tree = 47.11 MB, solutions = 19)
*  3334+ 1107                           15.7826       20.1258            27.52%
*  3335+ 1107                           15.8148       20.1258            27.26%
   3338  1109       18.8377  1039       15.8148       20.1258   690102   27.26%
   3424  1148       17.6335   879       15.8148       20.1258   714071   27.26%
   3531  1240       17.6297   864       15.8148       20.1258   741879   27.26%
   3629  1237       17.0892   907       15.8148       20.1258   741669   27.26%
   3746  1375       16.4949   791       15.8148       20.1258   779239   27.26%
*  3786+ 1387                           15.9048       20.1258            26.54%
   3831  1482       17.3661   913       15.9048       20.1258   820654   26.54%
*  3852+ 1482                           16.0952       20.1258            25.04%
*  3852+ 1482                           16.4091       20.1258            22.65%
*  3853+ 1482                           16.4286       20.1258            22.50%
   3929  1219       18.7848   987       16.4286       19.8525   834708   20.84%
   4029  1225       18.3564   971       16.4286       19.8525   836003   20.84%
   4125  1301       17.6175   951       16.4286       19.5657   872546   19.10%
   4206  1399       16.9832   938       16.4286       19.5505   895932   19.00%
Elapsed time = 74.45 sec. (56814.38 ticks, tree = 61.21 MB, solutions = 25)
   4284  1453       16.6491   868       16.4286       19.5505   910917   19.00%
   4383  1477       16.6253   861       16.4286       19.5505   917260   19.00%
   4490  1652       16.8169   802       16.4286       19.5505   963961   19.00%
   4601  1682       18.4941   980       16.4286       19.5316   976060   18.89%
   4694  1850       17.6868   977       16.4286       19.5316  1016402   18.89%
   4793  1870       17.7133   973       16.4286       19.5316  1022514   18.89%
   4902  1897       17.2863   935       16.4286       19.5316  1032242   18.89%
   4988  2091       17.5439   973       16.4286       19.5316  1084058   18.89%
   5108  2175       16.8571   825       16.4286       19.5316  1112717   18.89%
   5212  2174       17.7947   987       16.4286       19.3943  1111217   18.05%
Elapsed time = 87.23 sec. (66419.78 ticks, tree = 99.55 MB, solutions = 25)
   5296  2330        cutoff             16.4286       19.3575  1157106   17.83%
   5390  2448       18.1381   941       16.4286       19.3575  1191903   17.83%
   5495  2414       16.5984   849       16.4286       19.3575  1181151   17.83%
   5605  2513       16.6080   816       16.4286       19.3571  1213532   17.83%
   5746  2633       18.2090   969       16.4286       19.3571  1246384   17.83%
   5869  2714       16.9785   842       16.4286       19.3094  1269074   17.54%
   5981  2885       17.9295   986       16.4286       19.3060  1307461   17.51%
   6113  2984       16.9469   790       16.4286       19.2683  1333890   17.29%
   6216  3000       17.5253   909       16.4286       19.2278  1337513   17.04%
   6321  3175       16.4812   785       16.4286       19.2278  1383983   17.04%
Elapsed time = 100.09 sec. (76108.05 ticks, tree = 154.31 MB, solutions = 25)
   6410  3262       17.7518   870       16.4286       19.1936  1408232   16.83%
   6500  3327       16.5287   728       16.4286       19.1936  1432819   16.83%
   6618  3425       16.4763   723       16.4286       19.1769  1456316   16.73%
   6725  3483       17.8566   891       16.4286       19.1205  1487795   16.39%
   6860  3503       16.8500   767       16.4286       19.1193  1491178   16.38%
   6973  3643        cutoff             16.4286       19.1193  1529946   16.38%
   7081  3749       16.6870   853       16.4286       19.0861  1547803   16.18%
   7150  3869       18.3045   956       16.4286       19.0850  1588225   16.17%
   7232  3989       16.8761   866       16.4286       19.0834  1624375   16.16%
   7342  3988       16.5687   837       16.4286       19.0723  1621677   16.09%
Elapsed time = 112.75 sec. (85707.26 ticks, tree = 194.01 MB, solutions = 25)
   7445  4001       18.1694   969       16.4286       19.0723  1627511   16.09%
   7550  4196       17.6910   935       16.4286       19.0587  1684459   16.01%
   7649  4177       18.7046  1020       16.4286       19.0489  1678434   15.95%
   7758  4375       16.4935   836       16.4286       19.0489  1728654   15.95%
   7854  4433       16.8400   857       16.4286       19.0420  1745579   15.91%
   7944  4540       16.9822   873       16.4286       19.0309  1776912   15.84%
   8034  4573       17.2978   922       16.4286       19.0309  1787562   15.84%
   8125  4678       17.7662   933       16.4286       19.0247  1817711   15.80%
   8220  4787       17.2840   925       16.4286       19.0247  1852075   15.80%
   8301  4802       16.6000   786       16.4286       19.0082  1855585   15.70%
Elapsed time = 125.69 sec. (95363.30 ticks, tree = 244.26 MB, solutions = 25)
   8383  4911       17.3033   907       16.4286       19.0010  1895013   15.66%
   8493  4990       16.9996   791       16.4286       19.0010  1919053   15.66%
   8586  5010       16.5815   877       16.4286       18.9861  1927526   15.57%
   8694  5136       18.4120   992       16.4286       18.9848  1974694   15.56%
   8813  5176       17.9289   970       16.4286       18.9727  1984968   15.49%
   8914  5268       17.2783   902       16.4286       18.9670  2009961   15.45%
   9001  5441       17.9074  1003       16.4286       18.9664  2057508   15.45%
   9087  5522       16.4489   759       16.4286       18.9664  2081529   15.45%
   9164  5663       17.1741   880       16.4286       18.9492  2128400   15.34%
   9513  5862       16.4716   775       16.4286       18.9335  2201263   15.25%
Elapsed time = 143.16 sec. (107882.02 ticks, tree = 309.37 MB, solutions = 25)
   9954  6168       17.8779   953       16.4286       18.9149  2290015   15.13%
  10340  6483       17.3135   980       16.4286       18.8800  2383038   14.92%
  10741  6802       16.6696   892       16.4286       18.8652  2488240   14.83%
  11119  7197       17.2307   958       16.4286       18.8425  2622764   14.69%
  11458  7360       16.9712   872       16.4286       18.8265  2672515   14.60%
  11844  7692       17.5566  1018       16.4286       18.7970  2788805   14.42%
  12277  7993       17.6149   903       16.4286       18.7797  2883549   14.31%
  12670  8480       17.6332   949       16.4286       18.7727  3021634   14.27%
  13023  8708        cutoff             16.4286       18.7494  3102161   14.13%
  13428  9081       16.7115   898       16.4286       18.7275  3218076   13.99%
Elapsed time = 198.25 sec. (146098.70 ticks, tree = 501.36 MB, solutions = 25)
  13778  9417       17.1841   895       16.4286       18.7098  3331901   13.89%
  14166  9677       17.7867   856       16.4286       18.7020  3435553   13.84%
  14566  9875       16.7342   841       16.4286       18.6843  3499890   13.73%
  14975 10412       16.6180   865       16.4286       18.6712  3661990   13.65%
  15395 10706       16.9797   864       16.4286       18.6654  3735710   13.62%
  15836 11086       16.9937   895       16.4286       18.6401  3851155   13.46%
  16226 11278       16.5922   843       16.4286       18.6269  3900749   13.38%
  16605 11648       16.6764   879       16.4286       18.6172  4020605   13.32%
  16981 11927        cutoff             16.4286       18.6048  4120860   13.25%
  17371 12236       17.5159   942       16.4286       18.6000  4223278   13.22%
Elapsed time = 258.69 sec. (184335.86 ticks, tree = 685.73 MB, solutions = 25)
  17760 12653       16.6530   817       16.4286       18.5907  4350679   13.16%
  18119 12906       17.4786   832       16.4286       18.5788  4442718   13.09%
  18536 13251       16.7998   921       16.4286       18.5718  4551015   13.05%
  18952 13444       17.6939   902       16.4286       18.5668  4621713   13.02%
  19356 13742       16.5050   850       16.4286       18.5583  4711212   12.96%
  19811 14269        cutoff             16.4286       18.5499  4878589   12.91%
  20201 14426       17.8256   992       16.4286       18.5427  4919413   12.87%
  20570 14883       18.2437   976       16.4286       18.5334  5065265   12.81%
  20994 15123       16.4615   774       16.4286       18.5274  5144992   12.78%
  21418 15653       17.8931  1019       16.4286       18.5177  5319280   12.72%
Elapsed time = 325.84 sec. (222531.88 ticks, tree = 905.52 MB, solutions = 25)
  21750 15931       16.7300   866       16.4286       18.5053  5401351   12.64%
  22118 16304       16.7365   934       16.4286       18.4992  5546492   12.60%
  22479 16553        cutoff             16.4286       18.4949  5634024   12.58%
Starting limited solution polishing.
  22850 16666       18.0948   894       16.4286       18.4929  5682113   12.57%
  23268 17131       17.2835   885       16.4286       18.4838  5844495   12.51%
  23644 17283       16.5667   884       16.4286       18.4760  5903650   12.46%
  24041 17848       17.7194   956       16.4286       18.4678  6085703   12.41%
  24433 18026       17.3229   988       16.4286       18.4628  6144344   12.38%
  24749 18153       18.0437   933       16.4286       18.4595  6189657   12.36%

Cover cuts applied:  34
Implied bound cuts applied:  103
Flow cuts applied:  21
Mixed integer rounding cuts applied:  1356

Root node processing (before b&c):
  Real time             =   14.27 sec. (9539.35 ticks)
Parallel b&c, 8 threads:
  Real time             =  377.16 sec. (247629.91 ticks)
  Sync time (average)   =   22.68 sec.
  Wait time (average)   =    0.01 sec.
                          ------------
Total (root+branch&cut) =  391.42 sec. (257169.25 ticks)
u: 0.047619047619047894

Solution found: 16.428571428571523
Proved optimal? false

Is Feasible: true
Objective Value: 16.428571428571427
Time: 00:09:59.477
Output written to test_out.txt
