SPO Optimizer (authors: @andrefeijosantos, @PedroFiorio)
Approach: Parallel Iterative Solver
Thread count: CPLEX using up to 8 threads
Variable types: 1 continuous; 1985 integer (1985 binaries)

  Thread  |  h  |  H  |  LB  |  UB  |  Num. Items  |  Incumbent  |  Status  
       DE | 383 |   1 |  416 | 1746 |         1746 |    4,558747 |   Optimal
       DE | 382 |   1 | 1742 | 1746 |         1746 |    4,570681 |   Optimal
       AC |   1 | 381 |  416 | 1746 |            - |    1,000000 |Infeasible
       DE | 381 |   2 | 1742 | 1746 |         1746 |    4,582677 |   Optimal
       DE | 380 |   2 | 1742 | 1746 |         1746 |    4,594737 |   Optimal
       DE | 379 |   2 | 1742 | 1746 |         1746 |    4,606860 |   Optimal
       AC |   2 | 378 |  416 | 1746 |            - |    1,000000 |Infeasible
       DE | 378 |   3 | 1742 | 1746 |         1746 |    4,619048 |   Optimal
       DE | 377 |   3 | 1742 | 1746 |         1746 |    4,631300 |   Optimal
       DE | 376 |   3 | 1742 | 1746 |         1746 |    4,643617 |   Optimal
       AC |   3 | 375 |  416 | 1746 |            - |    1,000000 |Infeasible
       DE | 375 |   4 | 1742 | 1746 |         1746 |    4,656000 |   Optimal
       DE | 374 |   4 | 1742 | 1746 |         1746 |    4,668449 |   Optimal
       DE | 373 |   4 | 1742 | 1746 |         1746 |    4,680965 |   Optimal
       AC |   4 | 372 |  416 | 1746 |            - |    1,000000 |Infeasible
       DE | 372 |   5 | 1742 | 1746 |         1746 |    4,693548 |   Optimal
       DE | 371 |   5 | 1742 | 1746 |         1746 |    4,706199 |   Optimal
       DE | 370 |   5 | 1742 | 1746 |         1746 |    4,718919 |   Optimal
       DE | 369 |   5 | 1742 | 1746 |         1746 |    4,731707 |   Optimal
       AC |   5 | 368 |  416 | 1746 |            - |    1,000000 |Infeasible
       DE | 368 |   6 | 1742 | 1746 |         1746 |    4,744565 |   Optimal
       DE | 367 |   6 | 1742 | 1746 |         1746 |    4,757493 |   Optimal
       DE | 366 |   6 | 1742 | 1746 |         1746 |    4,770492 |   Optimal
       DE | 365 |   6 | 1742 | 1746 |         1746 |    4,783562 |   Optimal
       AC |   6 | 364 |  416 | 1746 |            - |    1,000000 |Infeasible
       DE | 364 |   7 | 1742 | 1746 |         1746 |    4,796703 |   Optimal
       DE | 363 |   7 | 1742 | 1746 |         1746 |    4,809917 |   Optimal
       DE | 362 |   7 | 1742 | 1746 |         1746 |    4,823204 |   Optimal
       AC |   7 | 361 |  416 | 1746 |            - |    1,000000 |Infeasible
       DE | 361 |   8 | 1742 | 1746 |         1746 |    4,836565 |   Optimal
       DE | 360 |   8 | 1742 | 1746 |         1746 |    4,850000 |   Optimal
       DE | 359 |   8 | 1742 | 1746 |         1746 |    4,863510 |   Optimal
       DE | 358 |   8 | 1742 | 1746 |         1746 |    4,877095 |   Optimal
       AC |   8 | 357 |  416 | 1746 |            - |    1,000000 |Infeasible
       DE | 357 |   9 | 1742 | 1746 |         1746 |    4,890756 |   Optimal
       DE | 356 |   9 | 1742 | 1746 |         1746 |    4,904494 |   Optimal
       DE | 355 |   9 | 1742 | 1746 |         1746 |    4,918310 |   Optimal
       DE | 354 |   9 | 1742 | 1746 |         1746 |    4,932203 |   Optimal
       DE | 353 |   9 | 1742 | 1746 |         1746 |    4,946176 |   Optimal
       AC |   9 | 352 |  416 | 1746 |            - |    1,000000 |Infeasible
       DE | 352 |  10 | 1742 | 1746 |         1746 |    4,960227 |   Optimal
       DE | 351 |  10 | 1742 | 1746 |         1746 |    4,974359 |   Optimal
       DE | 350 |  10 | 1742 | 1746 |         1746 |    4,988571 |   Optimal
       DE | 349 |  10 | 1742 | 1746 |         1746 |    5,002865 |   Optimal
       DE | 348 |  10 | 1741 | 1746 |         1746 |    5,017241 |   Optimal
       AC |  10 | 347 |  416 | 1746 |            - |    1,000000 |Infeasible
       DE | 347 |  11 | 1741 | 1746 |         1746 |    5,031700 |   Optimal
       DE | 346 |  11 | 1741 | 1746 |         1746 |    5,046243 |   Optimal
       DE | 345 |  11 | 1741 | 1746 |         1746 |    5,060870 |   Optimal
       DE | 344 |  11 | 1741 | 1746 |         1746 |    5,075581 |   Optimal
       DE | 343 |  11 | 1741 | 1746 |         1746 |    5,090379 |   Optimal
       AC |  11 | 342 |  416 | 1746 |            - |    1,000000 |Infeasible
       DE | 342 |  12 | 1741 | 1746 |         1746 |    5,105263 |   Optimal
       DE | 341 |  12 | 1741 | 1746 |         1746 |    5,120235 |   Optimal
       DE | 340 |  12 | 1741 | 1746 |         1746 |    5,135294 |   Optimal
       DE | 339 |  12 | 1741 | 1746 |         1746 |    5,150442 |   Optimal
       DE | 338 |  12 | 1741 | 1746 |         1746 |    5,165680 |   Optimal
       AC |  12 | 337 |  416 | 1746 |            - |    1,000000 |Infeasible
       DE | 337 |  13 | 1741 | 1746 |         1746 |    5,181009 |   Optimal
       DE | 336 |  13 | 1741 | 1746 |         1746 |    5,196429 |   Optimal
       DE | 335 |  13 | 1741 | 1746 |         1746 |    5,211940 |   Optimal
       DE | 334 |  13 | 1741 | 1746 |         1746 |    5,227545 |   Optimal
       DE | 333 |  13 | 1741 | 1746 |         1746 |    5,243243 |   Optimal
       DE | 332 |  13 | 1741 | 1746 |         1746 |    5,259036 |   Optimal
       AC |  13 | 331 |  416 | 1746 |            - |    1,000000 |Infeasible
       DE | 331 |  14 | 1741 | 1746 |         1746 |    5,274924 |   Optimal
       DE | 330 |  14 | 1741 | 1746 |         1746 |    5,290909 |   Optimal
       DE | 329 |  14 | 1741 | 1746 |         1746 |    5,306991 |   Optimal
       DE | 328 |  14 | 1741 | 1746 |         1746 |    5,323171 |   Optimal
       DE | 327 |  14 | 1741 | 1746 |         1746 |    5,339450 |   Optimal
       AC |  14 | 326 |  416 | 1746 |            - |    1,000000 |Infeasible
       DE | 326 |  15 | 1741 | 1746 |         1746 |    5,355828 |   Optimal
       DE | 325 |  15 | 1741 | 1746 |         1746 |    5,372308 |   Optimal
       DE | 324 |  15 | 1741 | 1746 |         1746 |    5,388889 |   Optimal
       DE | 323 |  15 | 1741 | 1746 |         1746 |    5,405573 |   Optimal
       DE | 322 |  15 | 1741 | 1746 |         1746 |    5,422360 |   Optimal
       DE | 321 |  15 | 1741 | 1746 |         1746 |    5,439252 |   Optimal
       AC |  15 | 320 |  416 | 1746 |            - |    1,000000 |Infeasible
       DE | 320 |  16 | 1741 | 1746 |         1746 |    5,456250 |   Optimal
       DE | 319 |  16 | 1741 | 1746 |         1746 |    5,473354 |   Optimal
       DE | 318 |  16 | 1741 | 1746 |         1746 |    5,490566 |   Optimal
       DE | 317 |  16 | 1741 | 1746 |         1746 |    5,507886 |   Optimal
       DE | 316 |  16 | 1741 | 1746 |         1746 |    5,525316 |   Optimal
       DE | 315 |  16 | 1741 | 1746 |         1746 |    5,542857 |   Optimal
       AC |  16 | 314 |  416 | 1746 |            - |    1,000000 |Infeasible
       DE | 314 |  17 | 1741 | 1746 |         1746 |    5,560510 |   Optimal
       DE | 313 |  17 | 1741 | 1746 |         1746 |    5,578275 |   Optimal
       DE | 312 |  17 | 1741 | 1746 |         1746 |    5,596154 |   Optimal
       DE | 311 |  17 | 1741 | 1746 |         1746 |    5,614148 |   Optimal
       DE | 310 |  17 | 1741 | 1746 |         1746 |    5,632258 |   Optimal
       DE | 309 |  17 | 1741 | 1746 |         1746 |    5,650485 |   Optimal
       DE | 308 |  17 | 1741 | 1746 |         1746 |    5,668831 |   Optimal
       AC |  17 | 307 |  416 | 1746 |            - |    1,000000 |Infeasible
       DE | 307 |  18 | 1741 | 1746 |         1746 |    5,687296 |   Optimal
       DE | 306 |  18 | 1741 | 1746 |         1746 |    5,705882 |   Optimal
       DE | 305 |  18 | 1741 | 1746 |         1746 |    5,724590 |   Optimal
       DE | 304 |  18 | 1741 | 1746 |         1746 |    5,743421 |   Optimal
       DE | 303 |  18 | 1741 | 1746 |         1746 |    5,762376 |   Optimal
       DE | 302 |  18 | 1741 | 1746 |         1746 |    5,781457 |   Optimal
       DE | 301 |  18 | 1741 | 1746 |         1746 |    5,800664 |   Optimal
       DE | 300 |  18 | 1741 | 1746 |         1746 |    5,820000 |   Optimal
       DE | 299 |  18 | 1741 | 1746 |         1746 |    5,839465 |   Optimal
       DE | 298 |  18 | 1741 | 1746 |         1746 |    5,859060 |   Optimal
       DE | 297 |  18 | 1741 | 1746 |         1746 |    5,878788 |   Optimal
       DE | 296 |  18 | 1741 | 1746 |         1746 |    5,898649 |   Optimal
       DE | 295 |  18 | 1741 | 1746 |         1746 |    5,918644 |   Optimal
       DE | 294 |  18 | 1741 | 1746 |         1746 |    5,938776 |   Optimal
       DE | 293 |  18 | 1741 | 1746 |         1746 |    5,959044 |   Optimal
       DE | 292 |  18 | 1741 | 1746 |         1746 |    5,979452 |   Optimal
       DE | 291 |  18 | 1741 | 1746 |         1746 |    6,000000 |   Optimal
       DE | 290 |  18 | 1741 | 1746 |         1746 |    6,020690 |   Optimal
       DE | 289 |  18 | 1740 | 1746 |         1746 |    6,041522 |   Optimal
       DE | 288 |  18 | 1740 | 1746 |         1746 |    6,062500 |   Optimal
       DE | 287 |  18 | 1740 | 1746 |         1746 |    6,083624 |   Optimal
       DE | 286 |  18 | 1740 | 1746 |         1746 |    6,104895 |   Optimal
       DE | 285 |  18 | 1740 | 1746 |         1746 |    6,126316 |   Optimal
       DE | 284 |  18 | 1740 | 1746 |         1746 |    6,147887 |   Optimal
       AC |  18 | 283 |  416 | 1746 |            - |    1,000000 |Infeasible
       DE | 283 |  19 | 1740 | 1746 |         1746 |    6,169611 |   Optimal
       DE | 282 |  19 | 1740 | 1746 |         1746 |    6,191489 |   Optimal
       DE | 281 |  19 | 1740 | 1746 |         1746 |    6,213523 |   Optimal
       DE | 280 |  19 | 1740 | 1746 |         1746 |    6,235714 |   Optimal
       DE | 279 |  19 | 1740 | 1746 |         1746 |    6,258065 |   Optimal
       DE | 278 |  19 | 1740 | 1746 |         1746 |    6,280576 |   Optimal
       DE | 277 |  19 | 1740 | 1746 |         1746 |    6,303249 |   Optimal
       DE | 276 |  19 | 1740 | 1746 |         1746 |    6,326087 |   Optimal
       DE | 275 |  19 | 1740 | 1746 |         1746 |    6,349091 |   Optimal
       DE | 274 |  19 | 1740 | 1746 |         1746 |    6,372263 |   Optimal
       DE | 273 |  19 | 1740 | 1746 |         1746 |    6,395604 |   Optimal
       DE | 272 |  19 | 1740 | 1746 |         1746 |    6,419118 |   Optimal
       DE | 271 |  19 | 1740 | 1746 |         1746 |    6,442804 |   Optimal
       DE | 270 |  19 | 1740 | 1746 |         1746 |    6,466667 |   Optimal
       DE | 269 |  19 | 1740 | 1746 |         1746 |    6,490706 |   Optimal
       DE | 268 |  19 | 1740 | 1746 |         1746 |    6,514925 |   Optimal
       DE | 267 |  19 | 1740 | 1746 |         1746 |    6,539326 |   Optimal
       DE | 266 |  19 | 1740 | 1746 |         1746 |    6,563910 |   Optimal
       DE | 265 |  19 | 1740 | 1746 |         1746 |    6,588679 |   Optimal
       DE | 264 |  19 | 1740 | 1746 |         1746 |    6,613636 |   Optimal
       DE | 263 |  19 | 1740 | 1746 |         1746 |    6,638783 |   Optimal
       DE | 262 |  19 | 1740 | 1746 |         1746 |    6,664122 |   Optimal
       DE | 261 |  19 | 1740 | 1746 |         1746 |    6,689655 |   Optimal
       DE | 260 |  19 | 1740 | 1746 |         1746 |    6,715385 |   Optimal
       DE | 259 |  19 | 1740 | 1746 |         1746 |    6,741313 |   Optimal
       DE | 258 |  19 | 1740 | 1746 |         1746 |    6,767442 |   Optimal
       DE | 257 |  19 | 1740 | 1746 |         1746 |    6,793774 |   Optimal
       DE | 256 |  19 | 1740 | 1746 |         1746 |    6,820313 |   Optimal
       DE | 255 |  19 | 1740 | 1746 |         1746 |    6,847059 |   Optimal
       DE | 254 |  19 | 1740 | 1746 |         1746 |    6,874016 |   Optimal
       DE | 253 |  19 | 1740 | 1746 |         1746 |    6,901186 |   Optimal
       DE | 252 |  19 | 1740 | 1746 |         1746 |    6,928571 |   Optimal
       DE | 251 |  19 | 1740 | 1746 |         1746 |    6,956175 |   Optimal
       DE | 250 |  19 | 1740 | 1746 |         1746 |    6,984000 |   Optimal
       DE | 249 |  19 | 1740 | 1746 |         1746 |    7,012048 |   Optimal
       DE | 248 |  19 | 1739 | 1746 |         1746 |    7,040323 |   Optimal
       DE | 247 |  19 | 1739 | 1746 |         1746 |    7,068826 |   Optimal
       DE | 246 |  19 | 1739 | 1746 |         1746 |    7,097561 |   Optimal
       DE | 245 |  19 | 1739 | 1746 |         1746 |    7,126531 |   Optimal
       DE | 244 |  19 | 1739 | 1746 |         1746 |    7,155738 |   Optimal
       DE | 243 |  19 | 1739 | 1746 |         1746 |    7,185185 |   Optimal
       DE | 242 |  19 | 1739 | 1746 |         1746 |    7,214876 |   Optimal
       DE | 241 |  19 | 1739 | 1746 |         1746 |    7,244813 |   Optimal
       DE | 240 |  19 | 1739 | 1746 |         1746 |    7,275000 |   Optimal
       DE | 239 |  19 | 1739 | 1746 |         1746 |    7,305439 |   Optimal
       DE | 238 |  19 | 1739 | 1746 |         1746 |    7,336134 |   Optimal
       DE | 237 |  19 | 1739 | 1746 |         1746 |    7,367089 |   Optimal
       DE | 236 |  19 | 1739 | 1746 |         1746 |    7,398305 |   Optimal
       DE | 235 |  19 | 1739 | 1746 |         1746 |    7,429787 |   Optimal
       DE | 234 |  19 | 1739 | 1746 |         1746 |    7,461538 |   Optimal
       DE | 233 |  19 | 1739 | 1746 |         1746 |    7,493562 |   Optimal
       DE | 232 |  19 | 1739 | 1746 |         1746 |    7,525862 |   Optimal
       DE | 231 |  19 | 1739 | 1746 |         1746 |    7,558442 |   Optimal
       DE | 230 |  19 | 1739 | 1746 |         1746 |    7,591304 |   Optimal
       DE | 229 |  19 | 1739 | 1746 |         1746 |    7,624454 |   Optimal
       DE | 228 |  19 | 1739 | 1746 |         1746 |    7,657895 |   Optimal
       DE | 227 |  19 | 1739 | 1746 |         1746 |    7,691630 |   Optimal
       DE | 226 |  19 | 1739 | 1746 |         1746 |    7,725664 |   Optimal
       DE | 225 |  19 | 1739 | 1746 |         1746 |    7,760000 |   Optimal
       DE | 224 |  19 | 1739 | 1746 |         1746 |    7,794643 |   Optimal
       DE | 223 |  19 | 1739 | 1746 |         1746 |    7,829596 |   Optimal
       DE | 222 |  19 | 1739 | 1746 |         1746 |    7,864865 |   Optimal
       DE | 221 |  19 | 1739 | 1746 |         1746 |    7,900452 |   Optimal
       DE | 220 |  19 | 1739 | 1746 |         1746 |    7,936364 |   Optimal
       DE | 219 |  19 | 1739 | 1746 |         1746 |    7,972603 |   Optimal
       DE | 218 |  19 | 1739 | 1746 |         1746 |    8,009174 |   Optimal
       DE | 217 |  19 | 1738 | 1746 |         1746 |    8,046083 |   Optimal
       DE | 216 |  19 | 1738 | 1746 |         1746 |    8,083333 |   Optimal
       DE | 215 |  19 | 1738 | 1746 |         1746 |    8,120930 |   Optimal
       DE | 214 |  19 | 1738 | 1746 |         1746 |    8,158879 |   Optimal
       DE | 213 |  19 | 1738 | 1746 |         1746 |    8,197183 |   Optimal
       DE | 212 |  19 | 1738 | 1746 |         1746 |    8,235849 |   Optimal
       DE | 211 |  19 | 1738 | 1746 |         1746 |    8,274882 |   Optimal
       DE | 210 |  19 | 1738 | 1746 |         1746 |    8,314286 |   Optimal
       DE | 209 |  19 | 1738 | 1746 |         1746 |    8,354067 |   Optimal
       DE | 208 |  19 | 1738 | 1746 |         1746 |    8,394231 |   Optimal
       DE | 207 |  19 | 1738 | 1746 |         1746 |    8,434783 |   Optimal
       DE | 206 |  19 | 1738 | 1746 |         1746 |    8,475728 |   Optimal
       DE | 205 |  19 | 1738 | 1746 |         1746 |    8,517073 |   Optimal
       DE | 204 |  19 | 1738 | 1746 |         1746 |    8,558824 |   Optimal
       DE | 203 |  19 | 1738 | 1746 |         1746 |    8,600985 |   Optimal
       DE | 202 |  19 | 1738 | 1746 |         1746 |    8,643564 |   Optimal
       DE | 201 |  19 | 1738 | 1746 |         1746 |    8,686567 |   Optimal
       DE | 200 |  19 | 1738 | 1746 |         1746 |    8,730000 |   Optimal
       DE | 199 |  19 | 1738 | 1746 |         1746 |    8,773869 |   Optimal
       DE | 198 |  19 | 1738 | 1746 |         1746 |    8,818182 |   Optimal
       DE | 197 |  19 | 1738 | 1746 |         1746 |    8,862944 |   Optimal
       AC |  19 | 196 |  416 | 1746 |            - |    1,000000 |Infeasible
       DE | 196 |  20 | 1738 | 1746 |         1746 |    8,908163 |   Optimal
       DE | 195 |  20 | 1738 | 1746 |         1746 |    8,953846 |   Optimal
       DE | 194 |  20 | 1738 | 1746 |         1746 |    9,000000 |   Optimal
       DE | 193 |  20 | 1738 | 1746 |         1746 |    9,046632 |   Optimal
       DE | 192 |  20 | 1737 | 1746 |         1746 |    9,093750 |   Optimal
       DE | 191 |  20 | 1737 | 1746 |         1746 |    9,141361 |   Optimal
       DE | 190 |  20 | 1737 | 1746 |         1746 |    9,189474 |   Optimal
       DE | 189 |  20 | 1737 | 1746 |         1746 |    9,238095 |   Optimal
       DE | 188 |  20 | 1737 | 1746 |         1746 |    9,287234 |   Optimal
       DE | 187 |  20 | 1737 | 1746 |         1746 |    9,336898 |   Optimal
       DE | 186 |  20 | 1737 | 1746 |         1746 |    9,387097 |   Optimal
       DE | 185 |  20 | 1737 | 1746 |         1746 |    9,437838 |   Optimal
       DE | 184 |  20 | 1737 | 1746 |         1746 |    9,489130 |   Optimal
       DE | 183 |  20 | 1737 | 1746 |         1746 |    9,540984 |   Optimal
       DE | 182 |  20 | 1737 | 1746 |         1746 |    9,593407 |   Optimal
       DE | 181 |  20 | 1737 | 1746 |         1746 |    9,646409 |   Optimal
       DE | 180 |  20 | 1737 | 1746 |         1746 |    9,700000 |   Optimal
       DE | 179 |  20 | 1737 | 1746 |         1746 |    9,754190 |   Optimal
       DE | 178 |  20 | 1737 | 1746 |         1746 |    9,808989 |   Optimal
       DE | 177 |  20 | 1737 | 1746 |         1746 |    9,864407 |   Optimal
       DE | 176 |  20 | 1737 | 1746 |         1746 |    9,920455 |   Optimal
       DE | 175 |  20 | 1737 | 1746 |         1746 |    9,977143 |   Optimal
       DE | 174 |  20 | 1737 | 1746 |         1746 |   10,034483 |   Optimal
       DE | 173 |  20 | 1736 | 1746 |         1746 |   10,092486 |   Optimal
       DE | 172 |  20 | 1736 | 1746 |         1746 |   10,151163 |   Optimal
       DE | 171 |  20 | 1736 | 1746 |         1746 |   10,210526 |   Optimal
       DE | 170 |  20 | 1736 | 1746 |         1746 |   10,270588 |   Optimal
       DE | 169 |  20 | 1736 | 1746 |         1746 |   10,331361 |   Optimal
       DE | 168 |  20 | 1736 | 1746 |         1746 |   10,392857 |   Optimal
       DE | 167 |  20 | 1736 | 1746 |         1746 |   10,455090 |   Optimal
       DE | 166 |  20 | 1736 | 1746 |         1746 |   10,518072 |   Optimal
       DE | 165 |  20 | 1736 | 1746 |         1746 |   10,581818 |   Optimal
       DE | 164 |  20 | 1736 | 1746 |         1746 |   10,646341 |   Optimal
       DE | 163 |  20 | 1736 | 1746 |         1746 |   10,711656 |   Optimal
       DE | 162 |  20 | 1736 | 1746 |         1746 |   10,777778 |   Optimal
       DE | 161 |  20 | 1736 | 1746 |         1746 |   10,844720 |   Optimal
       DE | 160 |  20 | 1736 | 1746 |         1746 |   10,912500 |   Optimal
       DE | 159 |  20 | 1736 | 1746 |         1746 |   10,981132 |   Optimal
       DE | 158 |  20 | 1736 | 1746 |         1746 |   11,050633 |   Optimal
       DE | 157 |  20 | 1735 | 1746 |         1746 |   11,121019 |   Optimal
       DE | 156 |  20 | 1735 | 1746 |         1746 |   11,192308 |   Optimal
       DE | 155 |  20 | 1735 | 1746 |         1746 |   11,264516 |   Optimal
       DE | 154 |  20 | 1735 | 1746 |         1746 |   11,337662 |   Optimal
       DE | 153 |  20 | 1735 | 1746 |         1746 |   11,411765 |   Optimal
       DE | 152 |  20 | 1735 | 1746 |         1746 |   11,486842 |   Optimal
       DE | 151 |  20 | 1735 | 1746 |         1746 |   11,562914 |   Optimal
       DE | 150 |  20 | 1735 | 1746 |         1746 |   11,640000 |   Optimal
       DE | 149 |  20 | 1735 | 1746 |         1746 |   11,718121 |   Optimal
       DE | 148 |  20 | 1735 | 1746 |         1746 |   11,797297 |   Optimal
       DE | 147 |  20 | 1735 | 1746 |         1746 |   11,877551 |   Optimal
       DE | 146 |  20 | 1735 | 1746 |         1746 |   11,958904 |   Optimal
       DE | 145 |  20 | 1735 | 1746 |         1746 |   12,041379 |   Optimal
       DE | 144 |  20 | 1734 | 1746 |         1746 |   12,125000 |   Optimal
       DE | 143 |  20 | 1734 | 1746 |         1746 |   12,209790 |   Optimal
       DE | 142 |  20 | 1734 | 1746 |         1746 |   12,295775 |   Optimal
       DE | 141 |  20 | 1734 | 1746 |         1746 |   12,382979 |   Optimal
       DE | 140 |  20 | 1734 | 1746 |         1746 |   12,471429 |   Optimal
       DE | 139 |  20 | 1734 | 1746 |         1746 |   12,561151 |   Optimal
       DE | 138 |  20 | 1734 | 1746 |         1746 |   12,652174 |   Optimal
       DE | 137 |  20 | 1734 | 1746 |         1746 |   12,744526 |   Optimal
       DE | 136 |  20 | 1734 | 1746 |         1746 |   12,838235 |   Optimal
       DE | 135 |  20 | 1734 | 1746 |         1746 |   12,933333 |   Optimal
       DE | 134 |  20 | 1734 | 1746 |         1746 |   13,029851 |   Optimal
       DE | 133 |  20 | 1733 | 1746 |         1746 |   13,127820 |   Optimal
       DE | 132 |  20 | 1733 | 1746 |         1746 |   13,227273 |   Optimal
       DE | 131 |  20 | 1733 | 1746 |         1746 |   13,328244 |   Optimal
       DE | 130 |  20 | 1733 | 1746 |         1746 |   13,430769 |   Optimal
       DE | 129 |  20 | 1733 | 1746 |         1746 |   13,534884 |   Optimal
       DE | 128 |  20 | 1733 | 1746 |         1746 |   13,640625 |   Optimal
       DE | 127 |  20 | 1733 | 1746 |         1746 |   13,748031 |   Optimal
       DE | 126 |  20 | 1733 | 1746 |         1746 |   13,857143 |   Optimal
       DE | 125 |  20 | 1733 | 1746 |         1746 |   13,968000 |   Optimal
       DE | 124 |  20 | 1733 | 1746 |         1746 |   14,080645 |   Optimal
       DE | 123 |  20 | 1732 | 1746 |         1746 |   14,195122 |   Optimal
       DE | 122 |  20 | 1732 | 1746 |         1746 |   14,311475 |   Optimal
       DE | 121 |  20 | 1732 | 1746 |         1746 |   14,429752 |   Optimal
       DE | 120 |  20 | 1732 | 1746 |         1746 |   14,550000 |   Optimal
       DE | 119 |  20 | 1732 | 1746 |         1746 |   14,672269 |   Optimal
       DE | 118 |  20 | 1732 | 1746 |         1746 |   14,796610 |   Optimal
       DE | 117 |  20 | 1732 | 1746 |         1746 |   14,923077 |   Optimal
       DE | 116 |  20 | 1732 | 1746 |         1746 |   15,051724 |   Optimal
       DE | 115 |  20 | 1731 | 1746 |         1746 |   15,182609 |   Optimal
       DE | 114 |  20 | 1731 | 1746 |         1746 |   15,315789 |   Optimal
       DE | 113 |  20 | 1731 | 1746 |         1746 |   15,451327 |   Optimal
       DE | 112 |  20 | 1731 | 1746 |         1746 |   15,589286 |   Optimal
       DE | 111 |  20 | 1731 | 1746 |         1746 |   15,729730 |   Optimal
       DE | 110 |  20 | 1731 | 1746 |         1746 |   15,872727 |   Optimal
       DE | 109 |  20 | 1731 | 1746 |         1746 |   16,018349 |   Optimal
       DE | 108 |  20 | 1730 | 1746 |         1746 |   16,166667 |   Optimal
       DE | 107 |  20 | 1730 | 1746 |         1746 |   16,317757 |   Optimal
       DE | 106 |  20 | 1730 | 1746 |         1746 |   16,471698 |   Optimal
       AC |  20 | 105 |  416 | 1746 |            - |    1,000000 |Infeasible
       AC |  21 | 105 |  416 | 1746 |            - |    1,000000 |   Unknown
Time Limit reached (AC).
       DE | 105 |  21 | 1730 | 1746 |            - |   16,533333 |  Feasible
Time Limit reached (DE).

Ascending Thread finished at: 21
Decending Thread finished at: 105
Solution found: 16.533333333333335
Proved optimal? false

Running Reformulation Linearization for aisle range: [21, 105]
SPO Optimizer version 1 (authors: @andrefeijosantos, @PedroFiorio)
Thread count: CPLEX using up to 8 threads
Variable types: 1 continuous; 1985 binaries

Version identifier: 22.1.1.0 | 2022-11-27 | 9160aff4d
CPXPARAM_Threads                                 8
CPXPARAM_TimeLimit                               390
Tried aggregator 1 time.
MIP Presolve eliminated 82 rows and 1 columns.
MIP Presolve modified 6649 coefficients.
Reduced MIP has 9511 rows, 3924 columns, and 35025 nonzeros.
Reduced MIP has 1961 binaries, 0 generals, 0 SOSs, and 0 indicators.
Presolve time = 0.05 sec. (40.77 ticks)
Probing time = 0.02 sec. (1.53 ticks)
Tried aggregator 1 time.
Detecting symmetries...
Reduced MIP has 9511 rows, 3924 columns, and 35025 nonzeros.
Reduced MIP has 1961 binaries, 0 generals, 0 SOSs, and 0 indicators.
Presolve time = 0.02 sec. (16.19 ticks)
Probing time = 0.03 sec. (1.45 ticks)
Clique table members: 1636.
MIP emphasis: balance optimality and feasibility.
MIP search method: dynamic search.
Parallel mode: deterministic, using up to 8 threads.
Root relaxation solution time = 1.08 sec. (833.75 ticks)

        Nodes                                         Cuts/
   Node  Left     Objective  IInf  Best Integer    Best Bound    ItCnt     Gap

      0     0       24.5305  1601                     24.5305     6400         
      0     0       24.3569  1654                    Cuts: 72     6911         
      0     0       24.3301  1628                    Cuts: 55     7129         
      0     0       24.3014  1626                    Cuts: 25     7306         
      0     0       24.2898  1659                    Cuts: 21     7476         
      0     0       24.2863  1660                  MIRcuts: 6     7558         
      0     0       24.2829  1616                    Cuts: 21     7588         
      0     0       24.2822  1621                     Cuts: 8     7629         
      0     0       24.2790  1621                    Cuts: 20     7660         
      0     0       24.2772  1622                    Cuts: 15     7688         
*     0+    0                            8.9143       24.2772           172.34%
*     0+    0                           13.0000       24.2772            86.75%
*     0+    0                           13.1250       24.2706            84.92%
      0     0        cutoff             13.1250       24.2706     7688   84.92%
      0     2       24.2772  1622       13.1250       24.2706     7688   84.92%
Elapsed time = 18.69 sec. (12520.40 ticks, tree = 0.02 MB, solutions = 3)
      4     4       23.7927  1645       13.1250       24.2706     8311   84.92%
     13    11       23.3478  1590       13.1250       23.9875    10415   82.76%
*    19+    4                           13.4062       23.9875            78.93%
*    22+    5                           13.6452       23.9875            75.79%
     25    19       23.0347  1616       13.6452       23.9875    12807   75.79%
     44    28       22.7607  1593       13.6452       23.9729    15161   75.69%
     59    52       22.6597  1573       13.6452       23.9729    22479   75.69%
     79    60       22.4130  1552       13.6452       23.9729    24891   75.69%
     99    94       22.5184  1540       13.6452       23.9729    33778   75.69%
    120    99       22.2956  1530       13.6452       23.9729    34933   75.69%
    135   123       21.9510  1544       13.6452       23.9729    40664   75.69%
    180   167       21.5063  1589       13.6452       23.9729    56947   75.69%
Elapsed time = 22.59 sec. (15712.26 ticks, tree = 6.01 MB, solutions = 7)
    243   224       20.7873  1502       13.6452       23.9729    84305   75.69%
    301   278       20.0481  1474       13.6452       23.9729    99893   75.69%
    344   317       21.0304  1421       13.6452       23.9729   110295   75.69%
    393   369       20.4527  1403       13.6452       23.9729   121419   75.69%
    443   423       20.7440  1442       13.6452       23.9729   132949   75.69%
    475   438       19.9596  1425       13.6452       23.9729   136772   75.69%
    500   475       18.7121  1220       13.6452       23.9729   143337   75.69%
    554   502       18.5122  1123       13.6452       23.9729   147249   75.69%
    632   557       20.7116  1475       13.6452       23.9729   158329   75.69%
    709   588       17.7069  1108       13.6452       23.9729   162141   75.69%
Elapsed time = 35.83 sec. (25691.29 ticks, tree = 32.95 MB, solutions = 7)
    757   707       18.4801  1199       13.6452       23.9729   183899   75.69%
    846   748       18.1532  1234       13.6452       23.9729   195415   75.69%
    971   817       17.5097  1166       13.6452       23.9729   203151   75.69%
   1117   853       18.3512  1291       13.6452       23.9729   212389   75.69%
   1255  1180       17.3706  1145       13.6452       23.9729   250029   75.69%
   1401  1176       16.4039   904       13.6452       23.9729   248286   75.69%
   1531  1360       16.1597   838       13.6452       23.9729   268465   75.69%
   1696  1477       15.7177   985       13.6452       23.9729   277954   75.69%
   1781  1541       16.4140  1108       13.6452       23.9729   286913   75.69%

Performing restart 1

Repeating presolve.
Tried aggregator 1 time.
Reduced MIP has 9511 rows, 3924 columns, and 35025 nonzeros.
Reduced MIP has 1961 binaries, 0 generals, 0 SOSs, and 0 indicators.
Presolve time = 0.02 sec. (10.26 ticks)
Tried aggregator 1 time.
Reduced MIP has 9511 rows, 3924 columns, and 35025 nonzeros.
Reduced MIP has 1961 binaries, 0 generals, 0 SOSs, and 0 indicators.
Presolve time = 0.03 sec. (16.39 ticks)
Represolve time = 0.11 sec. (36.34 ticks)
*  1783+    0                           14.0645       23.9729            70.45%
   1783     0       24.2686  1613       14.0645      Cuts: 30   317931   70.45%
   1783     0       24.2686  1612       14.0645      Cuts: 12   317943   70.45%
   1783     0       24.2649  1627       14.0645       Cuts: 4   318001   70.45%
*  1783+    0                           14.1290       23.9729            69.67%
   1783     0        cutoff             14.1290       23.9729   318001   69.67%
   1783     0       24.2649  1627       14.1290       Cuts: 4   318005   69.67%
*  1783+    0                           14.1935       23.9729            68.90%
   1783     0        cutoff             14.1935       23.9729   318005   68.90%
   1783     2       24.2649  1627       14.1935       23.9729   318005   68.90%
Elapsed time = 61.62 sec. (46500.23 ticks, tree = 0.02 MB, solutions = 10)
   1788     7       23.8698  1600       14.1935       23.9729   320332   68.90%
*  1794+    1                           14.2581       23.9729            68.14%
*  1804+    3                           14.2903       23.9729            67.76%
*  1822+    5                           14.2903       23.9328            67.48%
   1828    41       23.8261  1596       14.2903       23.9328   334762   67.48%
   1859    67       23.8128  1588       14.2903       23.9328   351999   67.48%
   1893    98       21.2611  1589       14.2903       23.9328   381919   67.48%
   1928   133       22.1381  1526       14.2903       23.9328   403356   67.48%
   1961   150       21.9409  1518       14.2903       23.9328   412658   67.48%
   1999   186       22.1370  1570       14.2903       23.9328   424464   67.48%
   2045   244       20.5410  1525       14.2903       23.9328   440273   67.48%
   2098   266       22.5481  1541       14.2903       23.9328   448833   67.48%
   2160   353       21.2334  1452       14.2903       23.9328   478499   67.48%
Elapsed time = 75.02 sec. (56211.84 ticks, tree = 14.11 MB, solutions = 12)
   2205   389       22.2665  1456       14.2903       23.9328   488503   67.48%
   2243   395       21.4350  1426       14.2903       23.9328   491093   67.48%
   2272   420       20.9838  1383       14.2903       23.9328   498525   67.48%
   2316   499       20.6189  1394       14.2903       23.9328   523745   67.48%
   2369   493       21.7627  1433       14.2903       23.9328   522393   67.48%
   2430   583       20.4569  1362       14.2903       23.9328   549732   67.48%
   2493   603       21.7763  1343       14.2903       23.9328   554942   67.48%
   2548   688       20.1597  1231       14.2903       23.9328   577091   67.48%
   2590   742       21.9786  1400       14.2903       23.9328   594346   67.48%
   2628   742       21.3456  1321       14.2903       23.9328   592998   67.48%
Elapsed time = 87.70 sec. (66001.69 ticks, tree = 41.43 MB, solutions = 12)
   2681   825       21.4185  1283       14.2903       23.9328   616919   67.48%
   2731   876       20.4601  1306       14.2903       23.9328   633128   67.48%
   2798   958       18.1471  1229       14.2903       23.9328   657753   67.48%
   2872   906       20.4885  1320       14.2903       23.9328   640995   67.48%
   2941  1055       20.7213  1238       14.2903       23.9328   684332   67.48%
   3013  1037       20.4087  1318       14.2903       23.9328   677974   67.48%
   3062  1136       17.3073  1151       14.2903       23.9328   710119   67.48%
   3093  1215       20.0239  1200       14.2903       23.9328   731809   67.48%
   3163  1286       19.5625  1258       14.2903       23.9328   754369   67.48%
   3226  1378       19.7177  1227       14.2903       23.9328   784654   67.48%
Elapsed time = 100.78 sec. (75666.81 ticks, tree = 87.66 MB, solutions = 12)
   3303  1381       17.4145  1073       14.2903       23.9328   783637   67.48%
   3379  1419       18.8999  1162       14.2903       23.9328   797625   67.48%
   3447  1448       18.9865  1192       14.2903       23.9328   806368   67.48%
   3538  1566       19.4565  1144       14.2903       23.9328   834992   67.48%
   3617  1691       18.3450  1103       14.2903       23.9328   864840   67.48%
   3694  1788       18.5855  1135       14.2903       23.9328   885605   67.48%
   3769  1895       18.5210  1060       14.2903       23.9328   915785   67.48%
   3847  1943       19.8888  1133       14.2903       23.9328   923400   67.48%
   3943  2017       18.6872  1117       14.2903       23.9328   940121   67.48%
   4032  2169       15.6669   842       14.2903       23.9328   965560   67.48%
Elapsed time = 113.84 sec. (85321.23 ticks, tree = 147.38 MB, solutions = 12)
*  4113+ 2142                           14.3000       23.9328            67.36%
*  4129+ 2262                           14.3824       23.9328            66.40%
   4129  2271       18.3253  1002       14.3824       23.9328   983826   66.40%
*  4165+ 2288                           14.4038       23.9328            66.16%
   4250  2356       14.4327   674       14.4038       23.9328   999806   66.16%
   4324  2341       17.5467   918       14.4038       23.9328   997323   66.16%
   4389  2512       14.8478   616       14.4038       23.9328  1029311   66.16%
   4471  2538       14.6290   575       14.4038       23.9328  1032763   66.16%
   4547  2647       14.4386   535       14.4038       23.9328  1057064   66.16%
   4596  2727       16.7990   858       14.4038       23.9328  1077553   66.16%
   4667  2760       16.6461   845       14.4038       23.9328  1083320   66.16%
   4745  2856       16.6547   826       14.4038       23.9328  1109135   66.16%
   4827  2890       16.2030   823       14.4038       23.9328  1114985   66.16%
Elapsed time = 126.25 sec. (94923.53 ticks, tree = 202.70 MB, solutions = 15)
   4910  2991       15.5151   725       14.4038       23.9328  1138916   66.16%
   4976  3094       15.6536   615       14.4038       23.9328  1156024   66.16%
   5048  3141       18.9399  1322       14.4038       23.9328  1170764   66.16%
   5129  3146       14.9939   563       14.4038       23.9328  1166712   66.16%
   5193  3257       19.4612  1296       14.4038       23.9328  1196822   66.16%
   5272  3284       17.9944  1222       14.4038       23.9328  1204267   66.16%
   5374  3372       14.5693   504       14.4038       23.9328  1214123   66.16%
   5453  3443       14.5191   615       14.4038       23.9328  1225121   66.16%
   5523  3476       17.2845  1137       14.4038       23.9078  1242490   65.98%
   5614  3650       21.1924  1490       14.4038       23.9078  1282259   65.98%
Elapsed time = 138.83 sec. (104526.56 ticks, tree = 260.36 MB, solutions = 15)
   5675  3682       23.2063  1526       14.4038       23.9078  1287578   65.98%
*  5690+ 3594                           14.4078       23.9078            65.94%
   5742  3800       16.4863  1027       14.4078       23.9078  1320735   65.94%
   5806  3716       21.6622  1491       14.4078       23.9078  1302854   65.94%
   5863  3886       18.4615  1203       14.4078       23.9078  1347664   65.94%
   5933  3940       15.9071   969       14.4078       23.9078  1364771   65.94%
   5997  3955       15.7278   897       14.4078       23.9078  1368267   65.94%
   6056  3979       18.9517  1276       14.4078       23.9078  1378470   65.94%
   6131  4158       18.1966  1248       14.4078       23.9078  1429494   65.94%
   6191  4126       18.4325  1166       14.4078       23.9078  1417735   65.94%
   6514  4468       18.4091  1313       14.4078       23.7601  1509579   64.91%
Elapsed time = 155.84 sec. (117039.66 ticks, tree = 322.61 MB, solutions = 16)
   6788  4683       16.5723  1082       14.4078       23.7601  1561173   64.91%
   7083  4929       15.8700   918       14.4078       23.7601  1640539   64.91%
   7434  5298       15.4683   705       14.4078       23.7601  1745672   64.91%
   7746  5630        cutoff             14.4078       23.7601  1827610   64.91%
   8046  5922       19.3765  1410       14.4078       23.6346  1912564   64.04%
   8277  6140       20.2354  1517       14.4078       23.6342  1985847   64.04%
   8483  6342       15.5025   847       14.4078       23.6342  2053366   64.04%
   8756  6701       14.7120   341       14.4078       23.5308  2166999   63.32%
   9004  6858       22.2047  1521       14.4078       23.4678  2220856   62.88%
   9226  7040       21.8510  1517       14.4078       23.4678  2280561   62.88%
Elapsed time = 210.94 sec. (155331.57 ticks, tree = 510.43 MB, solutions = 16)
   9460  7168       17.1520  1096       14.4078       23.4571  2328819   62.81%
   9748  7549       16.9652   998       14.4078       23.4155  2450333   62.52%
  10099  7950       15.9271   652       14.4078       23.4152  2537651   62.52%
  10397  8209       16.0775   650       14.4078       23.3897  2598941   62.34%
  10728  8502       19.1401  1109       14.4078       23.3771  2674677   62.25%
  11251  8750       17.9379   945       14.4078       23.3608  2713406   62.14%
  11803  9293       16.1330   724       14.4078       23.3608  2784780   62.14%
  12091  9902       16.8292  1164       14.4078       23.3117  2869569   61.80%
  12422 10084       17.4547  1036       14.4078       23.3117  2911746   61.80%
  13017 10659       17.4542   815       14.4078       23.3117  3020343   61.80%
Elapsed time = 267.38 sec. (193547.77 ticks, tree = 796.50 MB, solutions = 16)
  13463 11012       20.7716  1307       14.4078       23.2980  3062106   61.70%
  13781 11447       18.7391  1052       14.4078       23.2765  3124205   61.56%
  14185 11841       19.1316  1106       14.4078       23.2765  3202331   61.56%
  14693 12331       14.6998   604       14.4078       23.2749  3276355   61.54%
  15079 12538       20.2872  1397       14.4078       23.2516  3313260   61.38%
  15439 13251       20.3553  1373       14.4078       23.2397  3444951   61.30%
  15854 13524       18.1889  1170       14.4078       23.2397  3494354   61.30%
  16340 13883       23.0686  1584       14.4078       23.2397  3540508   61.30%
  16594 14161       19.7948  1379       14.4078       23.2397  3588340   61.30%
  16769 14594       17.9907  1201       14.4078       23.2237  3699079   61.19%
Elapsed time = 328.48 sec. (231859.08 ticks, tree = 1113.23 MB, solutions = 16)
  17009 14708       19.5787  1435       14.4078       23.2148  3764509   61.13%
  17336 14848       18.0414  1216       14.4078       23.2148  3819212   61.13%
  17734 15415       17.7651  1225       14.4078       23.2148  3977660   61.13%
Starting limited solution polishing.
* 17996+15670                           14.5728       23.2148            59.30%
  18100 15513       22.2204  1544       14.5728       23.2097  4078570   59.27%
* 18145+15576                           14.7282       23.2097            57.59%
  18397 15552       19.4747  1266       14.7282       23.2097  4088304   57.59%
* 18510+15560                           14.8155       23.2096            56.66%
  18705 15526       20.9613  1515       14.8155       23.2096  4206642   56.66%
* 18726+15550                           14.8942       23.2096            55.83%
* 18726+15550                           14.9126       23.2096            55.64%
* 18950+15683                           14.9712       23.2088            55.02%
  19059 15757       19.6026  1214       14.9712       23.2088  4305523   55.02%
* 19099+15666                           15.0392       23.2088            54.32%
* 19139+15666                           15.0784       23.2088            53.92%
  19355 15835       16.6731   898       15.0784       23.1946  4397718   53.83%
* 19419+15710                           15.1188       23.1946            53.42%
  19700 15777       17.7684   996       15.1188       23.1883  4378236   53.37%

Cover cuts applied:  10
Implied bound cuts applied:  27
Flow cuts applied:  41
Mixed integer rounding cuts applied:  835

Root node processing (before b&c):
  Real time             =   18.69 sec. (12513.74 ticks)
Parallel b&c, 8 threads:
  Real time             =  371.64 sec. (254731.43 ticks)
  Sync time (average)   =   24.07 sec.
  Wait time (average)   =    0.00 sec.
                          ------------
Total (root+branch&cut) =  390.33 sec. (267245.17 ticks)
u: 0.009900990099009901

Solution found: 15.118811881188128
Proved optimal? false

Is Feasible: true
Objective Value: 15.118811881188119
Time: 00:09:59.732
Output written to test_out.txt
