SPO Optimizer (authors: @andrefeijosantos, @PedroFiorio)
Approach: Parallel Iterative Solver
Thread count: CPLEX using up to 8 threads
Variable types: 1 continuous; 38697 integer (38697 binaries)

  Thread  |  h  |  H  |  LB  |  UB  |  Num. Items  |  Incumbent  |  Status  
       DE | 483 |   1 | 6610 |19417 |        19417 |   40,200828 |   Optimal
       DE | 482 |   1 |19377 |19417 |        19417 |   40,284232 |   Optimal
       DE | 481 |   1 |19377 |19417 |        19417 |   40,367983 |   Optimal
       DE | 480 |   1 |19377 |19417 |        19417 |   40,452083 |   Optimal
       DE | 479 |   1 |19377 |19417 |        19417 |   40,536534 |   Optimal
       AC |   1 | 478 | 6610 |19417 |            - |   13,000000 |Infeasible
       DE | 478 |   2 |19377 |19417 |        19417 |   40,621339 |   Optimal
       DE | 477 |   2 |19377 |19417 |        19417 |   40,706499 |   Optimal
       DE | 476 |   2 |19377 |19417 |        19417 |   40,792017 |   Optimal
       DE | 475 |   2 |19377 |19417 |        19417 |   40,877895 |   Optimal
       DE | 474 |   2 |19377 |19417 |        19417 |   40,964135 |   Optimal
       DE | 473 |   2 |19377 |19417 |        19417 |   41,050740 |   Optimal
       DE | 472 |   2 |19376 |19417 |        19417 |   41,137712 |   Optimal
       DE | 471 |   2 |19376 |19417 |        19417 |   41,225053 |   Optimal
       DE | 470 |   2 |19376 |19417 |        19417 |   41,312766 |   Optimal
       DE | 469 |   2 |19376 |19417 |        19417 |   41,400853 |   Optimal
       DE | 468 |   2 |19376 |19417 |        19417 |   41,489316 |   Optimal
       DE | 467 |   2 |19376 |19417 |        19417 |   41,578158 |   Optimal
       DE | 466 |   2 |19376 |19417 |        19417 |   41,667382 |   Optimal
       DE | 465 |   2 |19376 |19417 |        19417 |   41,756989 |   Optimal
       DE | 464 |   2 |19376 |19417 |        19417 |   41,846983 |   Optimal
       DE | 463 |   2 |19376 |19417 |        19417 |   41,937365 |   Optimal
       DE | 462 |   2 |19376 |19417 |        19417 |   42,028139 |   Optimal
       DE | 461 |   2 |19375 |19417 |        19417 |   42,119306 |   Optimal
       DE | 460 |   2 |19375 |19417 |        19417 |   42,210870 |   Optimal
       DE | 459 |   2 |19375 |19417 |        19417 |   42,302832 |   Optimal
       DE | 458 |   2 |19375 |19417 |        19417 |   42,395197 |   Optimal
       DE | 457 |   2 |19375 |19417 |        19417 |   42,487965 |   Optimal
       DE | 456 |   2 |19375 |19417 |        19417 |   42,581140 |   Optimal
       DE | 455 |   2 |19375 |19417 |        19417 |   42,674725 |   Optimal
       DE | 454 |   2 |19375 |19417 |        19417 |   42,768722 |   Optimal
       DE | 453 |   2 |19375 |19417 |        19417 |   42,863135 |   Optimal
       AC |   2 | 452 | 6610 |19417 |            - |   13,000000 |Infeasible
       DE | 452 |   3 |19375 |19417 |        19417 |   42,957965 |   Optimal
       DE | 451 |   3 |19375 |19417 |        19417 |   43,053215 |   Optimal
       DE | 450 |   3 |19374 |19417 |        19417 |   43,148889 |   Optimal
       DE | 449 |   3 |19374 |19417 |        19417 |   43,244989 |   Optimal
       DE | 448 |   3 |19374 |19417 |        19417 |   43,341518 |   Optimal
       DE | 447 |   3 |19374 |19417 |        19417 |   43,438479 |   Optimal
       DE | 446 |   3 |19374 |19417 |        19417 |   43,535874 |   Optimal
       DE | 445 |   3 |19374 |19417 |        19417 |   43,633708 |   Optimal
       DE | 444 |   3 |19374 |19417 |        19417 |   43,731982 |   Optimal
       DE | 443 |   3 |19374 |19417 |        19417 |   43,830700 |   Optimal
       DE | 442 |   3 |19374 |19417 |        19417 |   43,929864 |   Optimal
       DE | 441 |   3 |19374 |19417 |        19417 |   44,029478 |   Optimal
       DE | 440 |   3 |19373 |19417 |        19417 |   44,129545 |   Optimal
       DE | 439 |   3 |19373 |19417 |        19417 |   44,230068 |   Optimal
       DE | 438 |   3 |19373 |19417 |        19417 |   44,331050 |   Optimal
       DE | 437 |   3 |19373 |19417 |        19417 |   44,432494 |   Optimal
       DE | 436 |   3 |19373 |19417 |        19417 |   44,534404 |   Optimal
       DE | 435 |   3 |19373 |19417 |        19417 |   44,636782 |   Optimal
       DE | 434 |   3 |19373 |19417 |        19417 |   44,739631 |   Optimal
       DE | 433 |   3 |19373 |19417 |        19417 |   44,842956 |   Optimal
       DE | 432 |   3 |19373 |19417 |        19417 |   44,946759 |   Optimal
       DE | 431 |   3 |19373 |19417 |        19417 |   45,051044 |   Optimal
       DE | 430 |   3 |19372 |19417 |        19417 |   45,155814 |   Optimal
       DE | 429 |   3 |19372 |19417 |        19417 |   45,261072 |   Optimal
       DE | 428 |   3 |19372 |19417 |        19417 |   45,366822 |   Optimal
       DE | 427 |   3 |19372 |19417 |        19417 |   45,473068 |   Optimal
       DE | 426 |   3 |19372 |19417 |        19417 |   45,579812 |   Optimal
       DE | 425 |   3 |19372 |19417 |        19417 |   45,687059 |   Optimal
       DE | 424 |   3 |19372 |19417 |        19417 |   45,794811 |   Optimal
       DE | 423 |   3 |19372 |19417 |        19417 |   45,903073 |   Optimal
       DE | 422 |   3 |19372 |19417 |        19417 |   46,011848 |   Optimal
       AC |   3 | 421 | 6610 |19417 |            - |   13,000000 |Infeasible
       DE | 421 |   4 |19371 |19417 |        19417 |   46,121140 |   Optimal
       DE | 420 |   4 |19371 |19417 |        19417 |   46,230952 |   Optimal
       DE | 419 |   4 |19371 |19417 |        19417 |   46,341289 |   Optimal
       DE | 418 |   4 |19371 |19417 |        19417 |   46,452153 |   Optimal
       DE | 417 |   4 |19371 |19417 |        19417 |   46,563549 |   Optimal
       DE | 416 |   4 |19371 |19417 |        19417 |   46,675481 |   Optimal
       DE | 415 |   4 |19371 |19417 |        19417 |   46,787952 |   Optimal
       DE | 414 |   4 |19371 |19417 |        19417 |   46,900966 |   Optimal
       DE | 413 |   4 |19371 |19417 |        19417 |   47,014528 |   Optimal
       DE | 412 |   4 |19370 |19417 |        19417 |   47,128641 |   Optimal
       DE | 411 |   4 |19370 |19417 |        19417 |   47,243309 |   Optimal
       DE | 410 |   4 |19370 |19417 |        19417 |   47,358537 |   Optimal
       DE | 409 |   4 |19370 |19417 |        19417 |   47,474328 |   Optimal
       DE | 408 |   4 |19370 |19417 |        19417 |   47,590686 |   Optimal
       DE | 407 |   4 |19370 |19417 |        19417 |   47,707617 |   Optimal
       DE | 406 |   4 |19370 |19417 |        19417 |   47,825123 |   Optimal
       DE | 405 |   4 |19370 |19417 |        19417 |   47,943210 |   Optimal
       DE | 404 |   4 |19370 |19417 |        19417 |   48,061881 |   Optimal
       DE | 403 |   4 |19369 |19417 |        19417 |   48,181141 |   Optimal
       DE | 402 |   4 |19369 |19417 |        19417 |   48,300995 |   Optimal
       DE | 401 |   4 |19369 |19417 |        19417 |   48,421446 |   Optimal
       DE | 400 |   4 |19369 |19417 |        19417 |   48,542500 |   Optimal
       DE | 399 |   4 |19369 |19417 |        19417 |   48,664160 |   Optimal
       DE | 398 |   4 |19369 |19417 |        19417 |   48,786432 |   Optimal
       DE | 397 |   4 |19369 |19417 |        19417 |   48,909320 |   Optimal
       DE | 396 |   4 |19369 |19417 |        19417 |   49,032828 |   Optimal
       DE | 395 |   4 |19368 |19417 |        19417 |   49,156962 |   Optimal
       DE | 394 |   4 |19368 |19417 |        19417 |   49,281726 |   Optimal
       DE | 393 |   4 |19368 |19417 |        19417 |   49,407125 |   Optimal
       DE | 392 |   4 |19368 |19417 |        19417 |   49,533163 |   Optimal
       DE | 391 |   4 |19368 |19417 |        19417 |   49,659847 |   Optimal
       DE | 390 |   4 |19368 |19417 |        19417 |   49,787179 |   Optimal
       DE | 389 |   4 |19368 |19417 |        19417 |   49,915167 |   Optimal
       AC |   4 | 388 | 6610 |19417 |            - |   13,000000 |Infeasible
       DE | 388 |   5 |19368 |19417 |        19417 |   50,043814 |   Optimal
       DE | 387 |   5 |19367 |19417 |        19417 |   50,173127 |   Optimal
       DE | 386 |   5 |19367 |19417 |        19417 |   50,303109 |   Optimal
       DE | 385 |   5 |19367 |19417 |        19417 |   50,433766 |   Optimal
       DE | 384 |   5 |19367 |19417 |        19417 |   50,565104 |   Optimal
       DE | 383 |   5 |19367 |19417 |        19417 |   50,697128 |   Optimal
       DE | 382 |   5 |19367 |19417 |        19417 |   50,829843 |   Optimal
       DE | 381 |   5 |19367 |19417 |        19417 |   50,963255 |   Optimal
       DE | 380 |   5 |19367 |19417 |        19417 |   51,097368 |   Optimal
       DE | 379 |   5 |19366 |19417 |        19417 |   51,232190 |   Optimal
       DE | 378 |   5 |19366 |19417 |        19417 |   51,367725 |   Optimal
       DE | 377 |   5 |19366 |19417 |        19417 |   51,503979 |   Optimal
       DE | 376 |   5 |19366 |19417 |        19417 |   51,640957 |   Optimal
       DE | 375 |   5 |19366 |19417 |        19417 |   51,778667 |   Optimal
       DE | 374 |   5 |19366 |19417 |        19417 |   51,917112 |   Optimal
       DE | 373 |   5 |19366 |19417 |        19417 |   52,056300 |   Optimal
       DE | 372 |   5 |19365 |19417 |        19417 |   52,196237 |   Optimal
       DE | 371 |   5 |19365 |19417 |        19417 |   52,336927 |   Optimal
       DE | 370 |   5 |19365 |19417 |        19417 |   52,478378 |   Optimal
       DE | 369 |   5 |19365 |19417 |        19417 |   52,620596 |   Optimal
       DE | 368 |   5 |19365 |19417 |        19417 |   52,763587 |   Optimal
       DE | 367 |   5 |19365 |19417 |        19417 |   52,907357 |   Optimal
       DE | 366 |   5 |19365 |19417 |        19417 |   53,051913 |   Optimal
       DE | 365 |   5 |19364 |19417 |        19417 |   53,197260 |   Optimal
       DE | 364 |   5 |19364 |19417 |        19417 |   53,343407 |   Optimal
       DE | 363 |   5 |19364 |19417 |        19417 |   53,490358 |   Optimal
       DE | 362 |   5 |19364 |19417 |        19417 |   53,638122 |   Optimal
       DE | 361 |   5 |19364 |19417 |        19417 |   53,786704 |   Optimal
       DE | 360 |   5 |19364 |19417 |        19417 |   53,936111 |   Optimal
       DE | 359 |   5 |19364 |19417 |        19417 |   54,086351 |   Optimal
       DE | 358 |   5 |19363 |19417 |        19417 |   54,237430 |   Optimal
       DE | 357 |   5 |19363 |19417 |        19417 |   54,389356 |   Optimal
       DE | 356 |   5 |19363 |19417 |        19417 |   54,542135 |   Optimal
       DE | 355 |   5 |19363 |19417 |        19417 |   54,695775 |   Optimal
       DE | 354 |   5 |19363 |19417 |        19417 |   54,850282 |   Optimal
       DE | 353 |   5 |19363 |19417 |        19417 |   55,005666 |   Optimal
       DE | 352 |   5 |19362 |19417 |        19417 |   55,161932 |   Optimal
       DE | 351 |   5 |19362 |19417 |        19417 |   55,319088 |   Optimal
       AC |   5 | 350 | 6610 |19417 |            - |   13,000000 |Infeasible
       DE | 350 |   6 |19362 |19417 |        19417 |   55,477143 |   Optimal
       DE | 349 |   6 |19362 |19417 |        19417 |   55,636103 |   Optimal
       DE | 348 |   6 |19362 |19417 |        19417 |   55,795977 |   Optimal
       DE | 347 |   6 |19362 |19417 |        19417 |   55,956772 |   Optimal
       DE | 346 |   6 |19362 |19417 |        19417 |   56,118497 |   Optimal
       DE | 345 |   6 |19361 |19417 |        19417 |   56,281159 |   Optimal
       DE | 344 |   6 |19361 |19417 |        19417 |   56,444767 |   Optimal
       DE | 343 |   6 |19361 |19417 |        19417 |   56,609329 |   Optimal
       DE | 342 |   6 |19361 |19417 |        19417 |   56,774854 |   Optimal
       DE | 341 |   6 |19361 |19417 |        19417 |   56,941349 |   Optimal
       DE | 340 |   6 |19361 |19417 |        19417 |   57,108824 |   Optimal
       DE | 339 |   6 |19360 |19417 |        19417 |   57,277286 |   Optimal
       DE | 338 |   6 |19360 |19417 |        19417 |   57,446746 |   Optimal
       DE | 337 |   6 |19360 |19417 |        19417 |   57,617211 |   Optimal
       DE | 336 |   6 |19360 |19417 |        19417 |   57,788690 |   Optimal
       DE | 335 |   6 |19360 |19417 |        19417 |   57,961194 |   Optimal
       DE | 334 |   6 |19360 |19417 |        19417 |   58,134731 |   Optimal
       DE | 333 |   6 |19359 |19417 |        19417 |   58,309309 |   Optimal
       DE | 332 |   6 |19359 |19417 |        19417 |   58,484940 |   Optimal
       DE | 331 |   6 |19359 |19417 |        19417 |   58,661631 |   Optimal
       DE | 330 |   6 |19359 |19417 |        19417 |   58,839394 |   Optimal
       DE | 329 |   6 |19359 |19417 |        19417 |   59,018237 |   Optimal
       DE | 328 |   6 |19358 |19417 |        19417 |   59,198171 |   Optimal
       DE | 327 |   6 |19358 |19417 |        19417 |   59,379205 |   Optimal
       DE | 326 |   6 |19358 |19417 |        19417 |   59,561350 |   Optimal
       DE | 325 |   6 |19358 |19417 |        19417 |   59,744615 |   Optimal
       DE | 324 |   6 |19358 |19417 |        19417 |   59,929012 |   Optimal
       DE | 323 |   6 |19358 |19417 |        19417 |   60,114551 |   Optimal
       DE | 322 |   6 |19357 |19417 |        19417 |   60,301242 |   Optimal
       DE | 321 |   6 |19357 |19417 |        19417 |   60,489097 |   Optimal
       DE | 320 |   6 |19357 |19417 |        19417 |   60,678125 |   Optimal
       DE | 319 |   6 |19357 |19417 |        19417 |   60,868339 |   Optimal
       DE | 318 |   6 |19357 |19417 |        19417 |   61,059748 |   Optimal
       DE | 317 |   6 |19356 |19417 |        19417 |   61,252366 |   Optimal
       DE | 316 |   6 |19356 |19417 |        19417 |   61,446203 |   Optimal
       DE | 315 |   6 |19356 |19417 |        19417 |   61,641270 |   Optimal
       DE | 314 |   6 |19356 |19417 |        19417 |   61,837580 |   Optimal
       DE | 313 |   6 |19356 |19417 |        19417 |   62,035144 |   Optimal
       DE | 312 |   6 |19355 |19417 |        19417 |   62,233974 |   Optimal
       DE | 311 |   6 |19355 |19417 |        19417 |   62,434084 |   Optimal
       DE | 310 |   6 |19355 |19417 |        19417 |   62,635484 |   Optimal
       DE | 309 |   6 |19355 |19417 |        19417 |   62,838188 |   Optimal
       DE | 308 |   6 |19355 |19417 |        19417 |   63,042208 |   Optimal
       DE | 307 |   6 |19354 |19417 |        19417 |   63,247557 |   Optimal
       AC |   6 | 306 | 6610 |19417 |            - |   13,000000 |Infeasible
       DE | 306 |   7 |19354 |19417 |        19417 |   63,454248 |   Optimal
       DE | 305 |   7 |19354 |19417 |        19417 |   63,662295 |   Optimal
       DE | 304 |   7 |19354 |19417 |        19417 |   63,871711 |   Optimal
       DE | 303 |   7 |19354 |19417 |        19417 |   64,082508 |   Optimal
       DE | 302 |   7 |19353 |19417 |        19417 |   64,294702 |   Optimal
       DE | 301 |   7 |19353 |19417 |        19417 |   64,508306 |   Optimal
       DE | 300 |   7 |19353 |19417 |        19417 |   64,723333 |   Optimal
       DE | 299 |   7 |19353 |19417 |        19417 |   64,939799 |   Optimal
       DE | 298 |   7 |19353 |19417 |        19417 |   65,157718 |   Optimal
       DE | 297 |   7 |19352 |19417 |        19417 |   65,377104 |   Optimal
       DE | 296 |   7 |19352 |19417 |        19417 |   65,597973 |   Optimal
       DE | 295 |   7 |19352 |19417 |        19417 |   65,820339 |   Optimal
       DE | 294 |   7 |19352 |19417 |        19417 |   66,044218 |   Optimal
       DE | 293 |   7 |19351 |19417 |        19417 |   66,269625 |   Optimal
       DE | 292 |   7 |19351 |19417 |        19417 |   66,496575 |   Optimal
       DE | 291 |   7 |19351 |19417 |        19417 |   66,725086 |   Optimal
       DE | 290 |   7 |19351 |19417 |        19417 |   66,955172 |   Optimal
       DE | 289 |   7 |19351 |19417 |        19417 |   67,186851 |   Optimal
       DE | 288 |   7 |19350 |19417 |        19417 |   67,420139 |   Optimal
       DE | 287 |   7 |19350 |19417 |        19417 |   67,655052 |   Optimal
       DE | 286 |   7 |19350 |19417 |        19417 |   67,891608 |   Optimal
       DE | 285 |   7 |19350 |19417 |        19417 |   68,129825 |   Optimal
       DE | 284 |   7 |19349 |19417 |        19417 |   68,369718 |   Optimal
       DE | 283 |   7 |19349 |19417 |        19417 |   68,611307 |   Optimal
       DE | 282 |   7 |19349 |19417 |        19417 |   68,854610 |   Optimal
       AC |   7 | 281 | 6610 |19417 |            - |   13,000000 |Infeasible
       DE | 281 |   8 |19349 |19417 |        19417 |   69,099644 |   Optimal
       DE | 280 |   8 |19348 |19417 |        19417 |   69,346429 |   Optimal
       DE | 279 |   8 |19348 |19417 |        19417 |   69,594982 |   Optimal
       DE | 278 |   8 |19348 |19417 |        19417 |   69,845324 |   Optimal
       DE | 277 |   8 |19348 |19417 |        19417 |   70,097473 |   Optimal
       DE | 276 |   8 |19347 |19417 |        19417 |   70,351449 |   Optimal
       DE | 275 |   8 |19347 |19417 |        19417 |   70,607273 |   Optimal
       DE | 274 |   8 |19347 |19417 |        19417 |   70,864964 |   Optimal
       DE | 273 |   8 |19347 |19417 |        19417 |   71,124542 |   Optimal
       DE | 272 |   8 |19346 |19417 |        19417 |   71,386029 |   Optimal
       DE | 271 |   8 |19346 |19417 |        19417 |   71,649446 |   Optimal
       DE | 270 |   8 |19346 |19417 |        19417 |   71,914815 |   Optimal
       DE | 269 |   8 |19346 |19417 |        19417 |   72,182156 |   Optimal
       DE | 268 |   8 |19345 |19417 |        19417 |   72,451493 |   Optimal
       DE | 267 |   8 |19345 |19417 |        19417 |   72,722846 |   Optimal
       DE | 266 |   8 |19345 |19417 |        19417 |   72,996241 |   Optimal
       DE | 265 |   8 |19345 |19417 |        19417 |   73,271698 |   Optimal
       DE | 264 |   8 |19344 |19417 |        19417 |   73,549242 |   Optimal
       DE | 263 |   8 |19344 |19417 |        19417 |   73,828897 |   Optimal
       DE | 262 |   8 |19344 |19417 |        19417 |   74,110687 |   Optimal
       DE | 261 |   8 |19343 |19417 |        19417 |   74,394636 |   Optimal
       DE | 260 |   8 |19343 |19417 |        19417 |   74,680769 |   Optimal
       DE | 259 |   8 |19343 |19417 |        19417 |   74,969112 |   Optimal
       DE | 258 |   8 |19343 |19417 |        19417 |   75,259690 |   Optimal
Time Limit reached (DE).
       AC |   8 | 258 | 6610 |19417 |            - |   13,000000 |   Unknown
Time Limit reached (AC).

Ascending Thread finished at: 8
Decending Thread finished at: 258
Solution found: 75.25968992248062
Proved optimal? false

Is Feasible: true
Objective Value: 75.25968992248062
Time: 00:09:54.615
Output written to test_out.txt
