SPO Optimizer (authors: @andrefeijosantos, @PedroFiorio)
Approach: Parallel Iterative Solver
Thread count: CPLEX using up to 20 threads
Variable types: 1 continuous; 38685 integer (38685 binaries)

  Thread  |  h  |  H  |  LB  |  UB  |  Num. Items  |  Incumbent  |  Status  
       DE | 483 |   1 | 4795 |20406 |        20406 |   42,248447 |   Optimal
       DE | 482 |   1 |20364 |20406 |        20406 |   42,336100 |   Optimal
       DE | 481 |   1 |20364 |20406 |        20406 |   42,424116 |   Optimal
       AC |   1 | 480 | 4795 |20406 |            - |    9,000000 |Infeasible
       DE | 480 |   2 |20364 |20406 |        20406 |   42,512500 |   Optimal
       DE | 479 |   2 |20364 |20406 |        20406 |   42,601253 |   Optimal
       DE | 478 |   2 |20364 |20406 |        20406 |   42,690377 |   Optimal
       DE | 477 |   2 |20364 |20406 |        20406 |   42,779874 |   Optimal
       AC |   2 | 476 | 4795 |20406 |            - |    9,000000 |Infeasible
       DE | 476 |   3 |20364 |20406 |        20406 |   42,869748 |   Optimal
       DE | 475 |   3 |20364 |20406 |        20406 |   42,960000 |   Optimal
       DE | 474 |   3 |20364 |20406 |        20406 |   43,050633 |   Optimal
       DE | 473 |   3 |20363 |20406 |        20406 |   43,141649 |   Optimal
       DE | 472 |   3 |20363 |20406 |        20406 |   43,233051 |   Optimal
       DE | 471 |   3 |20363 |20406 |        20406 |   43,324841 |   Optimal
       DE | 470 |   3 |20363 |20406 |        20406 |   43,417021 |   Optimal
       DE | 469 |   3 |20363 |20406 |        20406 |   43,509595 |   Optimal
       DE | 468 |   3 |20363 |20406 |        20406 |   43,602564 |   Optimal
       DE | 467 |   3 |20363 |20406 |        20406 |   43,695931 |   Optimal
       DE | 466 |   3 |20363 |20406 |        20406 |   43,789700 |   Optimal
       DE | 465 |   3 |20363 |20406 |        20406 |   43,883871 |   Optimal
       DE | 464 |   3 |20363 |20406 |        20406 |   43,978448 |   Optimal
       DE | 463 |   3 |20363 |20406 |        20406 |   44,073434 |   Optimal
       AC |   3 | 462 | 4795 |20406 |            - |    9,000000 |Infeasible
       DE | 462 |   4 |20362 |20406 |        20406 |   44,168831 |   Optimal
       DE | 461 |   4 |20362 |20406 |        20406 |   44,264642 |   Optimal
       DE | 460 |   4 |20362 |20406 |        20406 |   44,360870 |   Optimal
       DE | 459 |   4 |20362 |20406 |        20406 |   44,457516 |   Optimal
       DE | 458 |   4 |20362 |20406 |        20406 |   44,554585 |   Optimal
       DE | 457 |   4 |20362 |20406 |        20406 |   44,652079 |   Optimal
       AC |   4 | 456 | 4795 |20406 |            - |    9,000000 |Infeasible
       DE | 456 |   5 |20362 |20406 |        20406 |   44,750000 |   Optimal
       DE | 455 |   5 |20362 |20406 |        20406 |   44,848352 |   Optimal
       DE | 454 |   5 |20362 |20406 |        20406 |   44,947137 |   Optimal
       DE | 453 |   5 |20362 |20406 |        20406 |   45,046358 |   Optimal
       DE | 452 |   5 |20361 |20406 |        20406 |   45,146018 |   Optimal
       DE | 451 |   5 |20361 |20406 |        20406 |   45,246120 |   Optimal
       DE | 450 |   5 |20361 |20406 |        20406 |   45,346667 |   Optimal
       DE | 449 |   5 |20361 |20406 |        20406 |   45,447661 |   Optimal
       DE | 448 |   5 |20361 |20406 |        20406 |   45,549107 |   Optimal
       DE | 447 |   5 |20361 |20406 |        20406 |   45,651007 |   Optimal
       DE | 446 |   5 |20361 |20406 |        20406 |   45,753363 |   Optimal
       DE | 445 |   5 |20361 |20406 |        20406 |   45,856180 |   Optimal
       DE | 444 |   5 |20361 |20406 |        20406 |   45,959459 |   Optimal
       DE | 443 |   5 |20361 |20406 |        20406 |   46,063205 |   Optimal
       DE | 442 |   5 |20360 |20406 |        20406 |   46,167421 |   Optimal
       DE | 441 |   5 |20360 |20406 |        20406 |   46,272109 |   Optimal
       DE | 440 |   5 |20360 |20406 |        20406 |   46,377273 |   Optimal
       DE | 439 |   5 |20360 |20406 |        20406 |   46,482916 |   Optimal
       DE | 438 |   5 |20360 |20406 |        20406 |   46,589041 |   Optimal
       DE | 437 |   5 |20360 |20406 |        20406 |   46,695652 |   Optimal
       DE | 436 |   5 |20360 |20406 |        20406 |   46,802752 |   Optimal
       DE | 435 |   5 |20360 |20406 |        20406 |   46,910345 |   Optimal
       DE | 434 |   5 |20360 |20406 |        20406 |   47,018433 |   Optimal
       DE | 433 |   5 |20359 |20406 |        20406 |   47,127021 |   Optimal
       DE | 432 |   5 |20359 |20406 |        20406 |   47,236111 |   Optimal
       DE | 431 |   5 |20359 |20406 |        20406 |   47,345708 |   Optimal
       AC |   5 | 430 | 4795 |20406 |            - |    9,000000 |Infeasible
       DE | 430 |   6 |20359 |20406 |        20406 |   47,455814 |   Optimal
       DE | 429 |   6 |20359 |20406 |        20406 |   47,566434 |   Optimal
       DE | 428 |   6 |20359 |20406 |        20406 |   47,677570 |   Optimal
       DE | 427 |   6 |20359 |20406 |        20406 |   47,789227 |   Optimal
       DE | 426 |   6 |20359 |20406 |        20406 |   47,901408 |   Optimal
       DE | 425 |   6 |20359 |20406 |        20406 |   48,014118 |   Optimal
       DE | 424 |   6 |20358 |20406 |        20406 |   48,127358 |   Optimal
       DE | 423 |   6 |20358 |20406 |        20406 |   48,241135 |   Optimal
       DE | 422 |   6 |20358 |20406 |        20406 |   48,355450 |   Optimal
       DE | 421 |   6 |20358 |20406 |        20406 |   48,470309 |   Optimal
       DE | 420 |   6 |20358 |20406 |        20406 |   48,585714 |   Optimal
       DE | 419 |   6 |20358 |20406 |        20406 |   48,701671 |   Optimal
       DE | 418 |   6 |20358 |20406 |        20406 |   48,818182 |   Optimal
       DE | 417 |   6 |20358 |20406 |        20406 |   48,935252 |   Optimal
       DE | 416 |   6 |20358 |20406 |        20406 |   49,052885 |   Optimal
       DE | 415 |   6 |20357 |20406 |        20406 |   49,171084 |   Optimal
       DE | 414 |   6 |20357 |20406 |        20406 |   49,289855 |   Optimal
Time Limit reached (DE).
       AC |   6 |  23 | 4795 |20406 |            - |  873,833333 |  Feasible
Time Limit reached (AC).

Ascending Thread finished at: 6
Decending Thread finished at: 414
Solution found: 873.8333333371402
Proved optimal? false

Is Feasible: true
Objective Value: 873.8333333333334
Time: 00:09:55.897
Output written to test_out.txt
