SPO Optimizer (authors: @andrefeijosantos, @PedroFiorio)
Approach: Parallel Iterative Solver
Thread count: CPLEX using up to 8 threads
Variable types: 1 continuous; 2327 integer (2327 binaries)

  Thread  |  h  |  H  |  LB  |  UB  |  Num. Items  |  Incumbent  |  Status  
       DE | 165 |   1 |  626 | 3405 |         3405 |   20,636364 |   Optimal
       DE | 164 |   1 | 3385 | 3405 |         3405 |   20,762195 |   Optimal
       AC |   1 | 163 |  626 | 3405 |            - |    3,000000 |Infeasible
       DE | 163 |   2 | 3385 | 3405 |         3405 |   20,889571 |   Optimal
       DE | 162 |   2 | 3385 | 3405 |         3405 |   21,018519 |   Optimal
       AC |   2 | 161 |  626 | 3405 |            - |    3,000000 |Infeasible
       DE | 161 |   3 | 3384 | 3405 |         3405 |   21,149068 |   Optimal
       DE | 160 |   3 | 3384 | 3405 |         3405 |   21,281250 |   Optimal
       DE | 159 |   3 | 3384 | 3405 |         3405 |   21,415094 |   Optimal
       DE | 158 |   3 | 3384 | 3405 |         3405 |   21,550633 |   Optimal
       AC |   3 | 157 |  626 | 3405 |            - |    3,000000 |Infeasible
       DE | 157 |   4 | 3384 | 3405 |         3405 |   21,687898 |   Optimal
       DE | 156 |   4 | 3384 | 3405 |         3405 |   21,826923 |   Optimal
       DE | 155 |   4 | 3384 | 3405 |         3405 |   21,967742 |   Optimal
       DE | 154 |   4 | 3384 | 3405 |         3405 |   22,110390 |   Optimal
       DE | 153 |   4 | 3383 | 3405 |         3405 |   22,254902 |   Optimal
       DE | 152 |   4 | 3383 | 3405 |         3405 |   22,401316 |   Optimal
       DE | 151 |   4 | 3383 | 3405 |         3405 |   22,549669 |   Optimal
       DE | 150 |   4 | 3383 | 3405 |         3405 |   22,700000 |   Optimal
       DE | 149 |   4 | 3383 | 3405 |         3405 |   22,852349 |   Optimal
       DE | 148 |   4 | 3383 | 3405 |         3405 |   23,006757 |   Optimal
       DE | 147 |   4 | 3382 | 3405 |         3405 |   23,163265 |   Optimal
       DE | 146 |   4 | 3382 | 3405 |         3405 |   23,321918 |   Optimal
       DE | 145 |   4 | 3382 | 3405 |         3405 |   23,482759 |   Optimal
       DE | 144 |   4 | 3382 | 3405 |         3405 |   23,645833 |   Optimal
       DE | 143 |   4 | 3382 | 3405 |         3405 |   23,811189 |   Optimal
       DE | 142 |   4 | 3382 | 3405 |         3405 |   23,978873 |   Optimal
       DE | 141 |   4 | 3382 | 3405 |         3405 |   24,148936 |   Optimal
       DE | 140 |   4 | 3381 | 3405 |         3405 |   24,321429 |   Optimal
       DE | 139 |   4 | 3381 | 3405 |         3405 |   24,496403 |   Optimal
       DE | 138 |   4 | 3381 | 3405 |         3405 |   24,673913 |   Optimal
       DE | 137 |   4 | 3381 | 3405 |         3405 |   24,854015 |   Optimal
       DE | 136 |   4 | 3381 | 3405 |         3405 |   25,036765 |   Optimal
       DE | 135 |   4 | 3380 | 3405 |         3405 |   25,222222 |   Optimal
       DE | 134 |   4 | 3380 | 3405 |         3405 |   25,410448 |   Optimal
       DE | 133 |   4 | 3380 | 3405 |         3405 |   25,601504 |   Optimal
       DE | 132 |   4 | 3380 | 3405 |         3405 |   25,795455 |   Optimal
       DE | 131 |   4 | 3380 | 3405 |         3405 |   25,992366 |   Optimal
       DE | 130 |   4 | 3380 | 3405 |         3405 |   26,192308 |   Optimal
       DE | 129 |   4 | 3379 | 3405 |         3405 |   26,395349 |   Optimal
       DE | 128 |   4 | 3379 | 3405 |         3405 |   26,601563 |   Optimal
       DE | 127 |   4 | 3379 | 3405 |         3405 |   26,811024 |   Optimal
       DE | 126 |   4 | 3379 | 3405 |         3405 |   27,023810 |   Optimal
       DE | 125 |   4 | 3378 | 3405 |         3405 |   27,240000 |   Optimal
       DE | 124 |   4 | 3378 | 3405 |         3405 |   27,459677 |   Optimal
       DE | 123 |   4 | 3378 | 3405 |         3405 |   27,682927 |   Optimal
       DE | 122 |   4 | 3378 | 3405 |         3405 |   27,909836 |   Optimal
       DE | 121 |   4 | 3378 | 3405 |         3405 |   28,140496 |   Optimal
       AC |   4 | 120 |  626 | 3405 |            - |    3,000000 |Infeasible
       DE | 120 |   5 | 3377 | 3405 |         3405 |   28,375000 |   Optimal
       DE | 119 |   5 | 3377 | 3405 |         3405 |   28,613445 |   Optimal
       DE | 118 |   5 | 3377 | 3405 |         3405 |   28,855932 |   Optimal
       DE | 117 |   5 | 3377 | 3405 |         3405 |   29,102564 |   Optimal
       DE | 116 |   5 | 3376 | 3405 |         3405 |   29,353448 |   Optimal
       DE | 115 |   5 | 3376 | 3405 |         3405 |   29,608696 |   Optimal
       DE | 114 |   5 | 3376 | 3405 |         3405 |   29,868421 |   Optimal
       DE | 113 |   5 | 3376 | 3405 |         3405 |   30,132743 |   Optimal
       DE | 112 |   5 | 3375 | 3405 |         3405 |   30,401786 |   Optimal
       DE | 111 |   5 | 3375 | 3405 |         3405 |   30,675676 |   Optimal
       DE | 110 |   5 | 3375 | 3405 |         3405 |   30,954545 |   Optimal
       DE | 109 |   5 | 3375 | 3405 |         3405 |   31,238532 |   Optimal
       DE | 108 |   5 | 3374 | 3405 |         3405 |   31,527778 |   Optimal
       DE | 107 |   5 | 3374 | 3405 |         3405 |   31,822430 |   Optimal
       DE | 106 |   5 | 3374 | 3405 |         3405 |   32,122642 |   Optimal
       DE | 105 |   5 | 3373 | 3405 |         3405 |   32,428571 |   Optimal
       DE | 104 |   5 | 3373 | 3405 |         3405 |   32,740385 |   Optimal
       DE | 103 |   5 | 3373 | 3405 |         3405 |   33,058252 |   Optimal
       DE | 102 |   5 | 3372 | 3405 |         3405 |   33,382353 |   Optimal
       DE | 101 |   5 | 3372 | 3405 |         3405 |   33,712871 |   Optimal
       DE | 100 |   5 | 3372 | 3405 |         3405 |   34,050000 |   Optimal
       DE |  99 |   5 | 3371 | 3405 |         3405 |   34,393939 |   Optimal
       DE |  98 |   5 | 3371 | 3405 |         3405 |   34,744898 |   Optimal
       DE |  97 |   5 | 3371 | 3405 |         3405 |   35,103093 |   Optimal
       DE |  96 |   5 | 3370 | 3405 |         3405 |   35,468750 |   Optimal
       DE |  95 |   5 | 3370 | 3405 |         3405 |   35,842105 |   Optimal
       DE |  94 |   5 | 3370 | 3405 |         3405 |   36,223404 |   Optimal
       DE |  93 |   5 | 3369 | 3405 |         3405 |   36,612903 |   Optimal
       DE |  92 |   5 | 3369 | 3405 |         3405 |   37,010870 |   Optimal
       DE |  91 |   5 | 3368 | 3405 |         3405 |   37,417582 |   Optimal
       DE |  90 |   5 | 3368 | 3405 |         3405 |   37,833333 |   Optimal
       DE |  89 |   5 | 3368 | 3405 |         3405 |   38,258427 |   Optimal
       DE |  88 |   5 | 3367 | 3405 |         3405 |   38,693182 |   Optimal
       DE |  87 |   5 | 3367 | 3405 |         3405 |   39,137931 |   Optimal
       DE |  86 |   5 | 3366 | 3405 |         3405 |   39,593023 |   Optimal
       DE |  85 |   5 | 3366 | 3405 |         3405 |   40,058824 |   Optimal
       DE |  84 |   5 | 3365 | 3405 |         3405 |   40,535714 |   Optimal
       DE |  83 |   5 | 3365 | 3405 |         3405 |   41,024096 |   Optimal
       DE |  82 |   5 | 3364 | 3405 |         3405 |   41,524390 |   Optimal
       AC |   5 |  22 |  626 | 3405 |          753 |  150,600000 |   Optimal
       DE |  81 |   6 | 3364 | 3405 |            - |   42,037037 |  Feasible
       DE |  22 |   6 | 3314 | 3405 |         3405 |  154,772727 |   Optimal
       AC |   6 |  21 |  904 | 3405 |          934 |  155,666667 |   Optimal
       AC |   7 |  21 | 1090 | 3405 |            - |  155,666667 |Infeasible
       AC |   8 |  21 | 1246 | 3405 |         1296 |  162,000000 |   Optimal
       AC |   9 |  19 | 1459 | 3405 |         1566 |  174,000000 |   Optimal
       DE |  21 |  10 | 3251 | 3405 |            - |  159,380952 |  Feasible
       AC |  10 |  19 | 1741 | 3405 |         1780 |  178,000000 |   Optimal
       DE |  19 |  11 | 3307 | 3405 |            - |  159,380952 |Infeasible
       AC |  11 |  18 | 1959 | 3405 |         1987 |  180,636364 |   Optimal
       DE |  18 |  12 | 3205 | 3306 |            - |  159,380952 |Infeasible
       DE |  17 |  12 | 3071 | 3204 |            - |  159,380952 |Infeasible
       DE |  16 |  12 | 2891 | 3070 |            - |  159,380952 |Infeasible
       AC |  12 |  15 | 2168 | 3306 |            - |  180,636364 |Infeasible
       DE |  15 |  13 | 2710 | 2890 |            - |  159,380952 |Infeasible
       AC |  13 |  14 | 2349 | 2890 |            - |  180,636364 |Infeasible
       DE |  14 |  14 | 2529 | 2709 |            - |  159,380952 |Infeasible
       AC |  14 |  13 | 2529 | 2709 |            - |  180,636364 |   Unknown

Ascending Thread finished at: 15
Decending Thread finished at: 13
Solution found: 180.63636363636363
Proved optimal? true

Is Feasible: true
Objective Value: 180.63636363636363
Time: 00:03:14.460
Output written to test_out.txt
