SPO Optimizer (authors: @andrefeijosantos, @PedroFiorio)
Approach: Parallel Iterative Solver
Thread count: CPLEX using up to 20 threads
Variable types: 1 continuous; 2611 integer (2611 binaries)

  Thread  |  h  |  H  |  LB  |  UB  |  Num. Items  |  Incumbent  |  Status  
       DE | 163 |   1 |  701 | 2802 |         2802 |   17,190184 |   Optimal
       DE | 162 |   1 | 2785 | 2802 |         2802 |   17,296296 |   Optimal
       AC |   1 | 161 |  701 | 2802 |            - |    4,000000 |Infeasible
       DE | 161 |   2 | 2785 | 2802 |         2802 |   17,403727 |   Optimal
       DE | 160 |   2 | 2785 | 2802 |         2802 |   17,512500 |   Optimal
       AC |   2 | 159 |  701 | 2802 |            - |    4,000000 |Infeasible
       DE | 159 |   3 | 2785 | 2802 |         2802 |   17,622642 |   Optimal
       DE | 158 |   3 | 2785 | 2802 |         2802 |   17,734177 |   Optimal
       DE | 157 |   3 | 2785 | 2802 |         2802 |   17,847134 |   Optimal
       DE | 156 |   3 | 2785 | 2802 |         2802 |   17,961538 |   Optimal
       AC |   3 | 155 |  701 | 2802 |            - |    4,000000 |Infeasible
       DE | 155 |   4 | 2785 | 2802 |         2802 |   18,077419 |   Optimal
       DE | 154 |   4 | 2784 | 2802 |         2802 |   18,194805 |   Optimal
       DE | 153 |   4 | 2784 | 2802 |         2802 |   18,313725 |   Optimal
       DE | 152 |   4 | 2784 | 2802 |         2802 |   18,434211 |   Optimal
       DE | 151 |   4 | 2784 | 2802 |         2802 |   18,556291 |   Optimal
       DE | 150 |   4 | 2784 | 2802 |         2802 |   18,680000 |   Optimal
       DE | 149 |   4 | 2784 | 2802 |         2802 |   18,805369 |   Optimal
       DE | 148 |   4 | 2784 | 2802 |         2802 |   18,932432 |   Optimal
       DE | 147 |   4 | 2784 | 2802 |         2802 |   19,061224 |   Optimal
       DE | 146 |   4 | 2783 | 2802 |         2802 |   19,191781 |   Optimal
       DE | 145 |   4 | 2783 | 2802 |         2802 |   19,324138 |   Optimal
       DE | 144 |   4 | 2783 | 2802 |         2802 |   19,458333 |   Optimal
       DE | 143 |   4 | 2783 | 2802 |         2802 |   19,594406 |   Optimal
       DE | 142 |   4 | 2783 | 2802 |         2802 |   19,732394 |   Optimal
       DE | 141 |   4 | 2783 | 2802 |         2802 |   19,872340 |   Optimal
       DE | 140 |   4 | 2783 | 2802 |         2802 |   20,014286 |   Optimal
       DE | 139 |   4 | 2782 | 2802 |         2802 |   20,158273 |   Optimal
       AC |   4 | 138 |  701 | 2802 |            - |    4,000000 |Infeasible
       DE | 138 |   5 | 2782 | 2802 |         2802 |   20,304348 |   Optimal
       DE | 137 |   5 | 2782 | 2802 |         2802 |   20,452555 |   Optimal
       DE | 136 |   5 | 2782 | 2802 |         2802 |   20,602941 |   Optimal
       DE | 135 |   5 | 2782 | 2802 |         2802 |   20,755556 |   Optimal
       DE | 134 |   5 | 2782 | 2802 |         2802 |   20,910448 |   Optimal
       DE | 133 |   5 | 2782 | 2802 |         2802 |   21,067669 |   Optimal
       DE | 132 |   5 | 2781 | 2802 |         2802 |   21,227273 |   Optimal
       DE | 131 |   5 | 2781 | 2802 |         2802 |   21,389313 |   Optimal
       DE | 130 |   5 | 2781 | 2802 |         2802 |   21,553846 |   Optimal
       DE | 129 |   5 | 2781 | 2802 |         2802 |   21,720930 |   Optimal
       DE | 128 |   5 | 2781 | 2802 |         2802 |   21,890625 |   Optimal
       DE | 127 |   5 | 2781 | 2802 |         2802 |   22,062992 |   Optimal
       DE | 126 |   5 | 2780 | 2802 |         2802 |   22,238095 |   Optimal
       DE | 125 |   5 | 2780 | 2802 |         2802 |   22,416000 |   Optimal
       DE | 124 |   5 | 2780 | 2802 |         2802 |   22,596774 |   Optimal
       DE | 123 |   5 | 2780 | 2802 |         2802 |   22,780488 |   Optimal
       DE | 122 |   5 | 2780 | 2802 |         2802 |   22,967213 |   Optimal
       DE | 121 |   5 | 2780 | 2802 |         2802 |   23,157025 |   Optimal
       DE | 120 |   5 | 2779 | 2802 |         2802 |   23,350000 |   Optimal
       DE | 119 |   5 | 2779 | 2802 |         2802 |   23,546218 |   Optimal
       DE | 118 |   5 | 2779 | 2802 |         2802 |   23,745763 |   Optimal
       DE | 117 |   5 | 2779 | 2802 |         2802 |   23,948718 |   Optimal
       DE | 116 |   5 | 2779 | 2802 |         2802 |   24,155172 |   Optimal
       DE | 115 |   5 | 2778 | 2802 |         2802 |   24,365217 |   Optimal
       DE | 114 |   5 | 2778 | 2802 |         2802 |   24,578947 |   Optimal
       DE | 113 |   5 | 2778 | 2802 |         2802 |   24,796460 |   Optimal
       DE | 112 |   5 | 2778 | 2802 |         2802 |   25,017857 |   Optimal
       DE | 111 |   5 | 2777 | 2802 |         2802 |   25,243243 |   Optimal
       DE | 110 |   5 | 2777 | 2802 |         2802 |   25,472727 |   Optimal
       DE | 109 |   5 | 2777 | 2802 |         2802 |   25,706422 |   Optimal
       DE | 108 |   5 | 2777 | 2802 |         2802 |   25,944444 |   Optimal
       DE | 107 |   5 | 2777 | 2802 |         2802 |   26,186916 |   Optimal
       DE | 106 |   5 | 2776 | 2802 |         2802 |   26,433962 |   Optimal
       DE | 105 |   5 | 2776 | 2802 |         2802 |   26,685714 |   Optimal
       DE | 104 |   5 | 2776 | 2802 |         2802 |   26,942308 |   Optimal
       DE | 103 |   5 | 2776 | 2802 |         2802 |   27,203883 |   Optimal
       DE | 102 |   5 | 2775 | 2802 |         2802 |   27,470588 |   Optimal
       DE | 101 |   5 | 2775 | 2802 |         2802 |   27,742574 |   Optimal
       DE | 100 |   5 | 2775 | 2802 |         2802 |   28,020000 |   Optimal
       DE |  99 |   5 | 2774 | 2802 |         2802 |   28,303030 |   Optimal
       DE |  98 |   5 | 2774 | 2802 |         2802 |   28,591837 |   Optimal
       AC |   5 |  18 |  701 | 2802 |          752 |  150,400000 |   Optimal
       DE |  97 |   6 | 2774 | 2802 |         2802 |   28,886598 |   Optimal
       AC |   6 |  18 |  903 | 2802 |          907 |  151,166667 |   Optimal
       AC |   7 |  18 | 1059 | 2802 |         1067 |  152,428571 |   Optimal
       DE |  18 |   8 | 2708 | 2802 |            - |  155,222222 |  Feasible
Time Limit reached (DE).
       AC |   8 |  18 | 1220 | 2802 |            - |  152,428571 |   Unknown
Time Limit reached (AC).

Ascending Thread finished at: 8
Decending Thread finished at: 18
Solution found: 155.22222222222223
Proved optimal? false

Is Feasible: true
Objective Value: 155.22222222222223
Time: 00:09:59.561
Output written to test_out.txt
